0000 0000 0000
0002 0002 0002
0004 0004 0004
0006 0006 0006
0008 0008 0008
0010 0010 0010
0012 0012 0012
0014 0014 0014
0016 0016 0016
0018 0018 0018
0020 0020 0020
0022 0022 0022
0024 0024 0024
0026 0026 0026
0028 0028 0028
0030 0030 0030
0032 0032 0032
0034 0034 0034
0036 0036 0036
0038 0038 0036
0040 0040 0036
0042 0042 0038
0044 0044 0040
0046 0046 0042
0048 0048 0044
0050 0050 0046
0052 0052 0048
0054 0054 0050
0056 0056 0052
0058 0058 0054
0060 0060 0056
0062 0062 0058
0064 0064 0060
0066 0066 0062
0068 0068 0064
0070 0070 0066
0072 0072 0068
0074 0074 0070
0076 0076 0072
0078 0078 0074
0080 0080 0076
0082 0082 0078
0084 0084 0080
0086 0086 0082
0088 0088 0084
0090 0090 0086
0092 0092 0088
0094 0094 0090
0096 0096 0092
0098 0098 0094
0100 0100 0096
0102 0102 0098
0104 0104 0100
0106 0106 0102
0108 0108 0104
0110 0110 0106
0112 0112 0108
0114 0114 0110
0116 0116 0112
0118 0118 0112
0120 0120 0112
0122 0122 0114
0124 0124 0116
0126 0126 0118
0128 0128 0120
0130 0130 0122
0132 0132 0124
0134 0134 0126
0136 0136 0128
0138 0138 0130
0140 0140 0132
0142 0142 0134
0144 0144 0136
0146 0146 0138
0148 0148 0140
0150 0150 0142
0152 0152 0144
0154 0154 0146
0156 0156 0148
0158 0158 0150
0160 0160 0152
0162 0162 0154
0164 0164 0156
0166 0166 0158
0168 0168 0160
0170 0170 0162
0172 0172 0164
0174 0174 0166
0176 0176 0168
0178 0178 0170
0180 0180 0172
0182 0182 0174
0184 0184 0176
0186 0186 0178
0188 0188 0180
0190 0190 0182
0192 0192 0184
0194 0194 0186
0196 0196 0188
0198 0198 0188
0200 0200 0188
0202 0202 0190
0204 0204 0192
0206 0206 0194
0208 0208 0196
0210 0210 0198
0212 0212 0200
0214 0214 0202
0216 0216 0204
0218 0218 0206
0220 0220 0208
0222 0222 0210
0224 0224 0212
0226 0226 0214
0228 0228 0216
0230 0230 0218
0232 0232 0220
0234 0234 0222
0236 0236 0224
0238 0238 0226
0240 0240 0228
0242 0242 0230
0244 0244 0232
0246 0246 0234
0248 0248 0236
0250 0250 0238
0252 0252 0240
0254 0254 0242
0256 0256 0244
0258 0258 0246
0260 0260 0248
0262 0262 0250
0264 0264 0252
0266 0266 0254
0268 0268 0256
0270 0270 0258
0272 0272 0260
0274 0274 0260
0276 0276 0260
0278 0278 0262
0280 0280 0264
0282 0282 0266
0284 0284 0268
0286 0286 0270
0288 0288 0272
0290 0290 0274
0292 0292 0276
0294 0294 0278
0296 0296 0280
0298 0298 0282
0300 0300 0284
0302 0302 0286
0304 0304 0288
0306 0306 0290
0308 0308 0292
0310 0310 0294
0312 0312 0296
0314 0314 0298
0316 0316 0300
0318 0318 0302
0320 0320 0304
0322 0322 0306
0324 0324 0308
0326 0326 0310
0328 0328 0312
0330 0330 0314
0332 0332 0316
0334 0334 0318
0336 0336 0320
0338 0338 0322
0340 0340 0324
0342 0342 0326
0344 0344 0328
0346 0346 0330
0348 0348 0332
0350 0350 0334
0352 0352 0336
0354 0354 0336
0356 0356 0336
0358 0358 0338
0360 0360 0340
0362 0362 0342
0364 0364 0344
0366 0366 0346
0368 0368 0348
0370 0370 0350
0372 0372 0352
0374 0374 0354
0376 0376 0356
0378 0378 0358
0380 0380 0360
0382 0382 0362
0384 0384 0364
0386 0386 0366
0388 0388 0368
0390 0390 0370
0392 0392 0372
0394 0394 0374
0396 0396 0376
0398 0398 0378
0400 0400 0380
0402 0402 0382
0404 0404 0384
0406 0406 0386
0408 0408 0388
0410 0410 0390
0412 0412 0392
0414 0414 0394
0416 0416 0396
0418 0418 0398
0420 0420 0400
0422 0422 0402
0424 0424 0404
0426 0426 0406
0428 0428 0408
0430 0430 0410
0432 0432 0412
0434 0434 0412
0436 0436 0412
0438 0438 0414
0440 0440 0416
0442 0442 0418
0444 0444 0420
0446 0446 0422
0448 0448 0424
0450 0450 0426
0452 0452 0428
0454 0454 0430
0456 0456 0432
0458 0458 0434
0460 0460 0436
0462 0462 0438
0464 0464 0440
0466 0466 0442
0468 0468 0444
0470 0470 0446
0472 0472 0448
0474 0474 0450
0476 0476 0452
0478 0478 0454
0480 0480 0456
0482 0482 0458
0484 0484 0460
0486 0486 0462
0488 0488 0464
0490 0490 0466
0492 0492 0468
0494 0494 0470
0496 0496 0472
0498 0498 0474
0500 0500 0476
0502 0502 0478
0504 0504 0480
0506 0506 0482
0508 0508 0484
0510 0510 0484
0512 0512 0484
0514 0514 0486
0516 0516 0488
0518 0518 0490
0520 0520 0492
0522 0522 0494
0524 0524 0496
0526 0526 0498
0528 0528 0500
0530 0530 0502
0532 0532 0504
0534 0534 0506
0536 0536 0508
0538 0538 0510
0540 0540 0512
0542 0542 0514
0544 0544 0516
0546 0546 0518
0548 0548 0520
0550 0550 0522
0552 0552 0524
0554 0554 0526
0556 0556 0528
0558 0558 0530
0560 0560 0532
0562 0562 0534
0564 0564 0536
0566 0566 0538
0568 0568 0540
0570 0570 0542
0572 0572 0544
0574 0574 0546
0576 0576 0548
0578 0578 0550
0580 0580 0552
0582 0582 0554
0584 0584 0556
0586 0586 0558
0588 0588 0560
0590 0590 0560
0592 0592 0560
0594 0594 0562
0596 0596 0564
0598 0598 0566
0600 0600 0568
0602 0602 0570
0604 0604 0572
0606 0606 0574
0608 0608 0576
0610 0610 0578
0612 0612 0580
0614 0614 0582
0616 0616 0584
0618 0618 0586
0620 0620 0588
0622 0622 0590
0624 0624 0592
0626 0626 0594
0628 0628 0596
0630 0630 0598
0632 0632 0600
0634 0634 0602
0636 0636 0604
0638 0638 0606
0640 0640 0608
0642 0642 0610
0644 0644 0612
0646 0646 0614
0648 0648 0616
0650 0650 0618
0652 0652 0620
0654 0654 0622
0656 0656 0624
0658 0658 0626
0660 0660 0628
0662 0662 0630
0664 0664 0632
0666 0666 0632
0668 0668 0632
0670 0670 0634
0672 0672 0636
0674 0674 0638
0676 0676 0640
0678 0678 0642
0680 0680 0644
0682 0682 0646
0684 0684 0648
0686 0686 0650
0688 0688 0652
0690 0690 0654
0692 0692 0656
0694 0694 0658
0696 0696 0660
0698 0698 0662
0700 0700 0664
0702 0702 0666
0704 0704 0668
0706 0706 0670
0708 0708 0672
0710 0710 0674
0712 0712 0676
0714 0714 0678
0716 0716 0680
0718 0718 0682
0720 0720 0684
0722 0722 0686
0724 0724 0688
0726 0724 0690
0728 0724 0692
0730 0726 0694
0732 0728 0696
0734 0730 0698
0736 0732 0700
0738 0734 0702
0740 0736 0704
0742 0738 0706
0744 0740 0708
0746 0742 0708
0748 0744 0708
0750 0746 0710
0752 0748 0712
0754 0750 0714
0756 0752 0716
0758 0754 0718
0760 0756 0720
0762 0758 0722
0764 0760 0724
0766 0762 0726
0768 0764 0728
0770 0766 0730
0772 0768 0732
0774 0770 0734
0776 0772 0736
0778 0774 0738
0780 0776 0740
0782 0778 0742
0784 0780 0744
0786 0782 0746
0788 0784 0748
0790 0786 0750
0792 0788 0752
0794 0790 0754
0796 0792 0756
0798 0794 0758
0800 0796 0760
0802 0798 0762
0804 0800 0764
0806 0802 0766
0808 0804 0768
0810 0806 0770
0812 0808 0772
0814 0810 0774
0816 0812 0776
0818 0814 0778
0820 0816 0780
0822 0818 0782
0824 0820 0784
0826 0822 0784
0828 0824 0784
0830 0826 0786
0832 0828 0788
0834 0830 0790
0836 0832 0792
0838 0834 0794
0840 0836 0796
0842 0838 0798
0844 0840 0800
0846 0842 0802
0848 0844 0804
0850 0846 0806
0852 0848 0808
0854 0850 0810
0856 0852 0812
0858 0854 0814
0860 0856 0816
0862 0858 0818
0864 0860 0820
0866 0862 0822
0868 0864 0824
0870 0866 0826
0872 0868 0828
0874 0870 0830
0876 0872 0832
0878 0874 0834
0880 0876 0836
0882 0878 0838
0884 0880 0840
0886 0882 0842
0888 0884 0844
0890 0886 0846
0892 0888 0848
0894 0890 0850
0896 0892 0852
0898 0894 0854
0900 0896 0856
0902 0898 0856
0904 0900 0856
0906 0902 0858
0908 0904 0860
0910 0906 0862
0912 0908 0864
0914 0910 0866
0916 0912 0868
0918 0914 0870
0920 0916 0872
0922 0918 0874
0924 0920 0876
0926 0922 0878
0928 0924 0880
0930 0926 0882
0932 0928 0884
0934 0930 0886
0936 0932 0888
0938 0934 0890
0940 0936 0892
0942 0938 0894
0944 0940 0896
0946 0942 0898
0948 0944 0900
0950 0946 0902
0952 0948 0904
0954 0950 0906
0956 0952 0908
0958 0954 0910
0960 0956 0912
0962 0958 0914
0964 0960 0916
0966 0962 0918
0968 0964 0920
0970 0966 0922
0972 0968 0924
0974 0970 0926
0976 0972 0928
0978 0974 0930
0980 0976 0932
0982 0978 0932
0984 0980 0932
0986 0982 0934
0988 0984 0936
0990 0986 0938
0992 0988 0940
0994 0990 0942
0996 0992 0944
0998 0994 0946
1000 0996 0948
1002 0998 0950
1004 1000 0952
1006 1002 0954
1008 1004 0956
1010 1006 0958
1012 1008 0960
1014 1010 0962
1016 1012 0964
1018 1014 0966
1020 1016 0968
1020 1016 0968
