0000 0000 0000
0002 0002 0002
0004 0004 0004
0006 0006 0006
0008 0008 0008
0010 0010 0010
0012 0012 0012
0014 0014 0014
0016 0016 0016
0018 0018 0018
0020 0020 0020
0022 0022 0022
0024 0024 0024
0026 0026 0026
0028 0028 0028
0030 0030 0030
0032 0032 0032
0034 0034 0034
0036 0036 0036
0038 0038 0038
0040 0040 0040
0042 0042 0042
0044 0044 0044
0046 0046 0046
0048 0048 0048
0050 0050 0050
0052 0052 0052
0052 0054 0054
0052 0056 0056
0054 0058 0058
0056 0060 0060
0058 0062 0062
0060 0064 0064
0062 0066 0066
0064 0068 0068
0066 0070 0070
0068 0072 0072
0070 0074 0074
0072 0076 0076
0074 0078 0078
0076 0080 0080
0078 0082 0082
0080 0084 0084
0082 0086 0086
0084 0088 0088
0086 0090 0090
0088 0092 0092
0090 0094 0094
0092 0096 0096
0094 0098 0098
0096 0100 0100
0098 0102 0102
0100 0104 0104
0102 0106 0106
0104 0108 0108
0106 0110 0110
0108 0112 0112
0110 0114 0114
0112 0116 0116
0114 0118 0118
0116 0120 0120
0118 0122 0122
0120 0124 0124
0122 0126 0126
0124 0128 0128
0126 0130 0130
0128 0132 0132
0130 0134 0134
0132 0136 0136
0134 0138 0138
0136 0140 0140
0138 0142 0142
0140 0144 0144
0142 0146 0146
0144 0148 0148
0146 0150 0150
0148 0152 0152
0150 0154 0154
0152 0156 0156
0152 0158 0158
0152 0160 0160
0154 0162 0162
0156 0164 0164
0158 0166 0166
0160 0168 0168
0162 0170 0170
0164 0172 0172
0166 0174 0174
0168 0176 0176
0170 0178 0178
0172 0180 0180
0174 0180 0182
0176 0180 0184
0178 0182 0186
0180 0184 0188
0182 0186 0190
0184 0188 0192
0186 0190 0194
0188 0192 0196
0190 0194 0198
0192 0196 0200
0194 0198 0202
0196 0200 0204
0198 0202 0206
0200 0204 0208
0202 0206 0210
0204 0208 0212
0206 0210 0214
0208 0212 0216
0210 0214 0218
0212 0216 0220
0214 0218 0222
0216 0220 0224
0218 0222 0226
0220 0224 0228
0222 0226 0230
0224 0228 0232
0226 0230 0234
0228 0232 0236
0230 0234 0238
0232 0236 0240
0234 0238 0242
0236 0240 0244
0238 0242 0246
0240 0244 0248
0242 0246 0250
0244 0248 0252
0246 0250 0254
0248 0252 0256
0250 0254 0258
0252 0256 0260
0254 0258 0262
0256 0260 0264
0256 0262 0266
0256 0264 0268
0258 0266 0270
0260 0268 0272
0262 0270 0274
0264 0272 0276
0266 0274 0278
0268 0276 0280
0270 0278 0282
0272 0280 0284
0274 0282 0286
0276 0284 0288
0278 0286 0290
0280 0288 0292
0282 0290 0294
0284 0292 0296
0286 0294 0298
0288 0296 0300
0290 0298 0302
0292 0300 0304
0294 0302 0306
0296 0304 0308
0298 0306 0310
0300 0308 0312
0302 0310 0314
0304 0312 0316
0306 0314 0318
0308 0316 0320
0310 0318 0322
0312 0320 0324
0314 0322 0326
0316 0324 0328
0318 0326 0330
0320 0328 0332
0322 0330 0334
0324 0332 0336
0326 0334 0338
0328 0336 0340
0330 0338 0342
0332 0340 0344
0334 0342 0346
0336 0344 0348
0338 0346 0350
0340 0348 0352
0342 0350 0354
0344 0352 0356
0346 0354 0358
0348 0356 0360
0350 0358 0362
0352 0360 0364
0354 0362 0366
0356 0364 0368
0358 0366 0370
0360 0368 0372
0360 0370 0374
0360 0372 0376
0362 0374 0378
0364 0376 0380
0366 0378 0382
0368 0380 0384
0370 0382 0386
0372 0384 0388
0374 0386 0390
0376 0388 0392
0378 0390 0394
0380 0392 0396
0382 0394 0398
0384 0396 0400
0386 0398 0402
0388 0400 0404
0390 0402 0406
0392 0404 0408
0394 0406 0410
0396 0408 0412
0398 0410 0414
0400 0412 0416
0402 0414 0418
0404 0416 0420
0406 0418 0422
0408 0420 0424
0410 0422 0426
0412 0424 0428
0414 0426 0430
0416 0428 0432
0418 0430 0434
0420 0432 0436
0422 0434 0438
0424 0436 0440
0426 0438 0442
0428 0440 0444
0430 0442 0446
0432 0444 0448
0434 0446 0450
0436 0448 0452
0438 0450 0454
0440 0452 0456
0442 0454 0458
0444 0456 0460
0446 0458 0462
0448 0460 0464
0450 0462 0466
0452 0464 0468
0454 0466 0470
0456 0468 0472
0458 0470 0474
0460 0472 0476
0460 0474 0478
0460 0476 0480
0462 0478 0482
0464 0480 0484
0466 0482 0486
0468 0484 0488
0470 0486 0490
0472 0488 0492
0474 0490 0494
0476 0492 0496
0478 0494 0498
0480 0496 0500
0482 0498 0502
0484 0500 0504
0486 0502 0506
0488 0504 0508
0490 0506 0510
0492 0508 0512
0494 0510 0514
0496 0512 0516
0498 0514 0518
0500 0516 0520
0502 0518 0522
0504 0520 0524
0506 0522 0526
0508 0524 0528
0510 0526 0530
0512 0528 0532
0514 0530 0534
0516 0532 0536
0518 0534 0538
0520 0536 0540
0522 0538 0542
0524 0540 0544
0526 0542 0546
0528 0544 0548
0530 0544 0550
0532 0544 0552
0534 0546 0554
0536 0548 0556
0538 0550 0558
0540 0552 0560
0542 0554 0562
0544 0556 0564
0546 0558 0566
0548 0560 0568
0550 0562 0570
0552 0564 0572
0554 0566 0574
0556 0568 0576
0558 0570 0578
0560 0572 0580
0562 0574 0582
0564 0576 0584
0564 0578 0586
0564 0580 0588
0566 0582 0590
0568 0584 0592
0570 0586 0594
0572 0588 0596
0574 0590 0598
0576 0592 0600
0578 0594 0602
0580 0596 0604
0582 0598 0606
0584 0600 0608
0586 0602 0610
0588 0604 0612
0590 0606 0614
0592 0608 0616
0594 0610 0618
0596 0612 0620
0598 0614 0622
0600 0616 0624
0602 0618 0626
0604 0620 0628
0606 0622 0630
0608 0624 0632
0610 0626 0634
0612 0628 0636
0614 0630 0638
0616 0632 0640
0618 0634 0642
0620 0636 0644
0622 0638 0646
0624 0640 0648
0626 0642 0650
0628 0644 0652
0630 0646 0654
0632 0648 0656
0634 0650 0658
0636 0652 0660
0638 0654 0662
0640 0656 0664
0642 0658 0666
0644 0660 0668
0646 0662 0670
0648 0664 0672
0650 0666 0674
0652 0668 0676
0654 0670 0678
0656 0672 0680
0658 0674 0682
0660 0676 0684
0662 0678 0686
0664 0680 0688
0666 0682 0690
0668 0684 0692
0668 0686 0694
0668 0688 0696
0670 0690 0698
0672 0692 0700
0674 0694 0702
0676 0696 0704
0678 0698 0706
0680 0700 0708
0682 0702 0710
0684 0704 0712
0686 0706 0714
0688 0708 0716
0690 0710 0718
0692 0712 0720
0694 0714 0722
0696 0716 0724
0698 0718 0726
0700 0720 0728
0702 0722 0730
0704 0724 0732
0706 0726 0734
0708 0728 0736
0710 0730 0738
0712 0732 0740
0714 0734 0742
0716 0736 0744
0718 0738 0746
0720 0740 0748
0722 0742 0750
0724 0744 0752
0726 0746 0754
0728 0748 0756
0730 0750 0758
0732 0752 0760
0734 0754 0762
0736 0756 0764
0738 0758 0766
0740 0760 0768
0742 0762 0770
0744 0764 0772
0746 0766 0774
0748 0768 0776
0750 0770 0778
0752 0772 0780
0754 0774 0782
0756 0776 0784
0758 0778 0786
0760 0780 0788
0762 0782 0790
0764 0784 0792
0766 0786 0794
0768 0788 0796
0768 0790 0798
0768 0792 0800
0770 0794 0802
0772 0796 0804
0774 0798 0806
0776 0800 0808
0778 0802 0810
0780 0804 0812
0782 0806 0814
0784 0808 0816
0786 0810 0818
0788 0812 0820
0790 0814 0822
0792 0816 0824
0794 0818 0826
0796 0820 0828
0798 0822 0830
0800 0824 0832
0802 0826 0834
0804 0828 0836
0806 0830 0838
0808 0832 0840
0810 0834 0842
0812 0836 0844
0814 0838 0846
0816 0840 0848
0818 0842 0850
0820 0844 0852
0822 0846 0854
0824 0848 0856
0826 0850 0858
0828 0852 0860
0830 0854 0862
0832 0856 0864
0834 0858 0866
0836 0860 0868
0838 0862 0870
0840 0864 0872
0842 0866 0874
0844 0868 0876
0846 0870 0878
0848 0872 0880
0850 0874 0882
0852 0876 0884
0854 0878 0886
0856 0880 0888
0858 0882 0890
0860 0884 0892
0862 0886 0894
0864 0888 0896
0866 0890 0898
0868 0892 0900
0870 0894 0902
0872 0896 0904
0872 0898 0906
0872 0900 0908
0874 0902 0910
0876 0904 0912
0878 0904 0914
0880 0904 0916
0882 0906 0918
0884 0908 0920
0886 0910 0922
0888 0912 0924
0890 0914 0926
0892 0916 0928
0894 0918 0930
0896 0920 0932
0898 0922 0934
0900 0924 0936
0902 0926 0938
0904 0928 0940
0906 0930 0942
0908 0932 0944
0910 0934 0946
0912 0936 0948
0914 0938 0950
0916 0940 0952
0918 0942 0954
0920 0944 0956
0922 0946 0958
0924 0948 0960
0926 0950 0962
0928 0952 0964
0930 0954 0966
0932 0956 0968
0934 0958 0970
0936 0960 0972
0938 0962 0974
0940 0964 0976
0942 0966 0978
0944 0968 0980
0946 0970 0982
0948 0972 0984
0950 0974 0986
0952 0976 0988
0954 0978 0990
0956 0980 0992
0958 0982 0994
0960 0984 0996
0962 0986 0998
0964 0988 1000
0966 0990 1002
0968 0992 1004
0970 0994 1006
0972 0996 1008
0974 0998 1010
0976 1000 1012
0976 1002 1014
0976 1004 1016
0978 1006 1018
0980 1008 1020
0980 1008 1020
