0000 0000 0000
0002 0002 0002
0004 0004 0004
0006 0006 0006
0008 0008 0008
0010 0010 0010
0012 0012 0012
0014 0014 0014
0016 0016 0016
0018 0018 0018
0020 0020 0020
0020 0022 0022
0020 0024 0024
0022 0026 0026
0024 0028 0028
0026 0030 0030
0028 0032 0032
0030 0034 0034
0032 0036 0036
0034 0038 0038
0036 0040 0040
0038 0042 0042
0040 0044 0044
0042 0046 0046
0044 0048 0048
0046 0050 0050
0048 0052 0052
0050 0054 0054
0052 0056 0056
0054 0058 0058
0056 0060 0060
0058 0062 0062
0060 0064 0064
0062 0066 0066
0064 0068 0068
0064 0070 0070
0064 0072 0072
0066 0074 0074
0068 0076 0076
0070 0078 0078
0072 0080 0080
0074 0080 0082
0076 0080 0084
0078 0082 0086
0080 0084 0088
0082 0086 0090
0084 0088 0092
0086 0090 0094
0088 0092 0096
0090 0094 0098
0092 0096 0100
0094 0098 0102
0096 0100 0104
0098 0102 0106
0100 0104 0108
0102 0106 0110
0104 0108 0112
0106 0110 0114
0108 0112 0116
0108 0114 0118
0108 0116 0120
0110 0118 0122
0112 0120 0124
0114 0122 0126
0116 0124 0128
0118 0126 0130
0120 0128 0132
0122 0130 0134
0124 0132 0136
0126 0134 0138
0128 0136 0140
0130 0138 0142
0132 0140 0144
0134 0142 0146
0136 0144 0148
0138 0146 0150
0140 0148 0152
0142 0150 0154
0144 0152 0156
0146 0154 0158
0148 0156 0160
0150 0158 0162
0152 0160 0164
0152 0162 0166
0152 0164 0168
0154 0166 0170
0156 0168 0172
0158 0170 0174
0160 0172 0176
0162 0174 0178
0164 0176 0180
0166 0178 0182
0168 0180 0184
0170 0182 0186
0172 0184 0188
0174 0186 0190
0176 0188 0192
0178 0190 0194
0180 0192 0196
0182 0194 0198
0184 0196 0200
0186 0198 0202
0188 0200 0204
0190 0202 0206
0192 0204 0208
0194 0206 0210
0196 0208 0212
0196 0210 0214
0196 0212 0216
0198 0214 0218
0200 0216 0220
0202 0218 0222
0204 0220 0224
0206 0222 0226
0208 0224 0228
0210 0226 0230
0212 0228 0232
0214 0230 0234
0216 0232 0236
0218 0234 0238
0220 0236 0240
0222 0238 0242
0224 0240 0244
0226 0240 0246
0228 0240 0248
0230 0242 0250
0232 0244 0252
0234 0246 0254
0236 0248 0256
0238 0250 0258
0240 0252 0260
0240 0254 0262
0240 0256 0264
0242 0258 0266
0244 0260 0268
0246 0262 0270
0248 0264 0272
0250 0266 0274
0252 0268 0276
0254 0270 0278
0256 0272 0280
0258 0274 0282
0260 0276 0284
0262 0278 0286
0264 0280 0288
0266 0282 0290
0268 0284 0292
0270 0286 0294
0272 0288 0296
0274 0290 0298
0276 0292 0300
0278 0294 0302
0280 0296 0304
0280 0298 0306
0280 0300 0308
0282 0302 0310
0284 0304 0312
0286 0306 0314
0288 0308 0316
0290 0310 0318
0292 0312 0320
0294 0314 0322
0296 0316 0324
0298 0318 0326
0300 0320 0328
0302 0322 0330
0304 0324 0332
0306 0326 0334
0308 0328 0336
0310 0330 0338
0312 0332 0340
0314 0334 0342
0316 0336 0344
0318 0338 0346
0320 0340 0348
0322 0342 0350
0324 0344 0352
0324 0346 0354
0324 0348 0356
0326 0350 0358
0328 0352 0360
0330 0354 0362
0332 0356 0364
0334 0358 0366
0336 0360 0368
0338 0362 0370
0340 0364 0372
0342 0366 0374
0344 0368 0376
0346 0370 0378
0348 0372 0380
0350 0374 0382
0352 0376 0384
0354 0378 0386
0356 0380 0388
0358 0382 0390
0360 0384 0392
0362 0386 0394
0364 0388 0396
0366 0390 0398
0368 0392 0400
0368 0394 0402
0368 0396 0404
0370 0396 0406
0372 0396 0408
0374 0398 0410
0376 0400 0412
0378 0402 0414
0380 0404 0416
0382 0406 0418
0384 0408 0420
0386 0410 0422
0388 0412 0424
0390 0414 0426
0392 0416 0428
0394 0418 0430
0396 0420 0432
0398 0422 0434
0400 0424 0436
0402 0426 0438
0404 0428 0440
0406 0430 0442
0408 0432 0444
0410 0434 0446
0412 0436 0448
0412 0438 0450
0412 0440 0452
0414 0442 0454
0416 0444 0456
0418 0446 0458
0420 0448 0460
0422 0450 0462
0424 0452 0464
0426 0454 0466
0428 0456 0468
0430 0458 0470
0432 0460 0472
0434 0462 0474
0436 0464 0476
0438 0466 0478
0440 0468 0480
0442 0470 0482
0444 0472 0484
0446 0474 0486
0448 0476 0488
0450 0478 0490
0452 0480 0492
0454 0482 0494
0456 0484 0496
0456 0486 0498
0456 0488 0500
0458 0490 0502
0460 0492 0504
0462 0494 0506
0464 0496 0508
0466 0498 0510
0468 0500 0512
0470 0502 0514
0472 0504 0516
0474 0506 0518
0476 0508 0520
0478 0510 0522
0480 0512 0524
0482 0514 0526
0484 0516 0528
0486 0518 0530
0488 0520 0532
0490 0522 0534
0492 0524 0536
0494 0526 0538
0496 0528 0540
0498 0530 0542
0500 0532 0544
0500 0534 0546
0500 0536 0548
0502 0538 0550
0504 0540 0552
0506 0542 0554
0508 0544 0556
0510 0546 0558
0512 0548 0560
0514 0550 0562
0516 0552 0564
0518 0554 0566
0520 0556 0568
0522 0556 0570
0524 0556 0572
0526 0558 0574
0528 0560 0576
0530 0562 0578
0532 0564 0580
0534 0566 0582
0536 0568 0584
0538 0570 0586
0540 0572 0588
0542 0574 0590
0544 0576 0592
0544 0578 0594
0544 0580 0596
0546 0582 0598
0548 0584 0600
0550 0586 0602
0552 0588 0604
0554 0590 0606
0556 0592 0608
0558 0594 0610
0560 0596 0612
0562 0598 0614
0564 0600 0616
0566 0602 0618
0568 0604 0620
0570 0606 0622
0572 0608 0624
0574 0610 0626
0576 0612 0628
0578 0614 0630
0580 0616 0632
0582 0618 0634
0584 0620 0636
0584 0622 0638
0584 0624 0640
0586 0626 0642
0588 0628 0644
0590 0630 0646
0592 0632 0648
0594 0634 0650
0596 0636 0652
0598 0638 0654
0600 0640 0656
0602 0642 0658
0604 0644 0660
0606 0646 0662
0608 0648 0664
0610 0650 0666
0612 0652 0668
0614 0654 0670
0616 0656 0672
0618 0658 0674
0620 0660 0676
0622 0662 0678
0624 0664 0680
0626 0666 0682
0628 0668 0684
0628 0670 0686
0628 0672 0688
0630 0674 0690
0632 0676 0692
0634 0678 0694
0636 0680 0696
0638 0682 0698
0640 0684 0700
0642 0686 0702
0644 0688 0704
0646 0690 0706
0648 0692 0708
0650 0694 0710
0652 0696 0712
0654 0698 0714
0656 0700 0716
0658 0702 0718
0660 0704 0720
0662 0706 0722
0664 0708 0724
0666 0710 0726
0668 0712 0728
0670 0714 0730
0672 0716 0732
0672 0716 0734
0672 0716 0736
0674 0718 0738
0676 0720 0740
0678 0722 0742
0680 0724 0744
0682 0726 0746
0684 0728 0748
0686 0730 0750
0688 0732 0752
0690 0734 0754
0692 0736 0756
0694 0738 0758
0696 0740 0760
0698 0742 0762
0700 0744 0764
0702 0746 0766
0704 0748 0768
0706 0750 0770
0708 0752 0772
0710 0754 0774
0712 0756 0776
0714 0758 0778
0716 0760 0780
0716 0762 0782
0716 0764 0784
0718 0766 0786
0720 0768 0788
0722 0770 0790
0724 0772 0792
0726 0774 0794
0728 0776 0796
0730 0778 0798
0732 0780 0800
0734 0782 0802
0736 0784 0804
0738 0786 0806
0740 0788 0808
0742 0790 0810
0744 0792 0812
0746 0794 0814
0748 0796 0816
0750 0798 0818
0752 0800 0820
0754 0802 0822
0756 0804 0824
0758 0806 0826
0760 0808 0828
0760 0810 0830
0760 0812 0832
0762 0814 0834
0764 0816 0836
0766 0818 0838
0768 0820 0840
0770 0822 0842
0772 0824 0844
0774 0826 0846
0776 0828 0848
0778 0830 0850
0780 0832 0852
0782 0834 0854
0784 0836 0856
0786 0838 0858
0788 0840 0860
0790 0842 0862
0792 0844 0864
0794 0846 0866
0796 0848 0868
0798 0850 0870
0800 0852 0872
0802 0854 0874
0804 0856 0876
0804 0858 0878
0804 0860 0880
0806 0862 0882
0808 0864 0884
0810 0866 0886
0812 0868 0888
0814 0870 0890
0816 0872 0892
0818 0872 0894
0820 0872 0896
0822 0874 0898
0824 0876 0900
0826 0878 0902
0828 0880 0904
0830 0882 0906
0832 0884 0908
0834 0886 0910
0836 0888 0912
0838 0890 0914
0840 0892 0916
0842 0894 0918
0844 0896 0920
0844 0898 0922
0844 0900 0924
0846 0902 0926
0848 0904 0928
0850 0906 0930
0852 0908 0932
0854 0910 0934
0856 0912 0936
0858 0914 0938
0860 0916 0940
0862 0918 0942
0864 0920 0944
0866 0922 0946
0868 0924 0948
0870 0926 0950
0872 0928 0952
0874 0930 0954
0876 0932 0956
0878 0934 0958
0880 0936 0960
0882 0938 0962
0884 0940 0964
0886 0942 0966
0888 0944 0968
0888 0946 0970
0888 0948 0972
0890 0950 0974
0892 0952 0976
0894 0954 0978
0896 0956 0980
0898 0958 0982
0900 0960 0984
0902 0962 0986
0904 0964 0988
0906 0966 0990
0908 0968 0992
0910 0970 0994
0912 0972 0996
0914 0974 0998
0916 0976 1000
0918 0978 1002
0920 0980 1004
0922 0982 1006
0924 0984 1008
0926 0986 1010
0928 0988 1012
0930 0990 1014
0932 0992 1016
0932 0994 1018
0932 0996 1020
0932 0996 1020
