0000 0000 0000
0002 0002 0002
0004 0004 0004
0006 0006 0006
0008 0008 0008
0010 0010 0010
0012 0012 0012
0014 0014 0012
0016 0016 0012
0018 0018 0014
0020 0020 0016
0022 0022 0018
0024 0024 0020
0026 0026 0022
0028 0028 0024
0030 0030 0026
0032 0032 0028
0034 0034 0030
0036 0036 0032
0038 0038 0032
0040 0040 0032
0042 0042 0034
0044 0044 0036
0046 0046 0038
0048 0048 0040
0050 0050 0042
0052 0052 0044
0054 0054 0046
0056 0056 0048
0058 0058 0050
0060 0060 0052
0062 0062 0052
0064 0064 0052
0066 0066 0054
0068 0068 0056
0070 0070 0058
0072 0072 0060
0074 0074 0062
0076 0076 0064
0078 0078 0066
0080 0080 0068
0082 0082 0070
0084 0084 0072
0086 0086 0074
0088 0088 0076
0090 0090 0076
0092 0092 0076
0094 0094 0078
0096 0096 0080
0098 0098 0082
0100 0100 0084
0102 0102 0086
0104 0104 0088
0106 0106 0090
0108 0108 0092
0110 0110 0094
0112 0112 0096
0114 0114 0096
0116 0116 0096
0118 0118 0098
0120 0120 0100
0122 0122 0102
0124 0124 0104
0126 0124 0106
0128 0124 0108
0130 0126 0110
0132 0128 0112
0134 0130 0114
0136 0132 0116
0138 0134 0118
0140 0136 0120
0142 0138 0120
0144 0140 0120
0146 0142 0122
0148 0144 0124
0150 0146 0126
0152 0148 0128
0154 0150 0130
0156 0152 0132
0158 0154 0134
0160 0156 0136
0162 0158 0138
0164 0160 0140
0166 0162 0140
0168 0164 0140
0170 0166 0142
0172 0168 0144
0174 0170 0146
0176 0172 0148
0178 0174 0150
0180 0176 0152
0182 0178 0154
0184 0180 0156
0186 0182 0158
0188 0184 0160
0190 0186 0160
0192 0188 0160
0194 0190 0162
0196 0192 0164
0198 0194 0166
0200 0196 0168
0202 0198 0170
0204 0200 0172
0206 0202 0174
0208 0204 0176
0210 0206 0178
0212 0208 0180
0214 0210 0182
0216 0212 0184
0218 0214 0184
0220 0216 0184
0222 0218 0186
0224 0220 0188
0226 0222 0190
0228 0224 0192
0230 0226 0194
0232 0228 0196
0234 0230 0198
0236 0232 0200
0238 0234 0202
0240 0236 0204
0242 0238 0204
0244 0240 0204
0246 0242 0206
0248 0244 0208
0250 0246 0210
0252 0248 0212
0254 0250 0214
0256 0252 0216
0258 0254 0218
0260 0256 0220
0262 0258 0222
0264 0260 0224
0266 0262 0224
0268 0264 0224
0270 0266 0226
0272 0268 0228
0274 0270 0230
0276 0272 0232
0276 0274 0234
0276 0276 0236
0278 0278 0238
0280 0280 0240
0282 0282 0242
0284 0284 0244
0286 0286 0246
0288 0288 0248
0290 0290 0248
0292 0292 0248
0294 0294 0250
0296 0296 0252
0298 0298 0254
0300 0300 0256
0302 0302 0258
0304 0304 0260
0306 0306 0262
0308 0308 0264
0310 0310 0266
0312 0312 0268
0314 0314 0268
0316 0316 0268
0318 0318 0270
0320 0320 0272
0322 0322 0274
0324 0324 0276
0326 0326 0278
0328 0328 0280
0330 0330 0282
0332 0332 0284
0334 0334 0286
0336 0336 0288
0338 0338 0288
0340 0340 0288
0342 0342 0290
0344 0344 0292
0346 0346 0294
0348 0348 0296
0350 0350 0298
0352 0352 0300
0354 0354 0302
0356 0356 0304
0358 0358 0306
0360 0360 0308
0362 0362 0310
0364 0364 0312
0366 0366 0312
0368 0368 0312
0370 0370 0314
0372 0372 0316
0374 0372 0318
0376 0372 0320
0378 0374 0322
0380 0376 0324
0382 0378 0326
0384 0380 0328
0386 0382 0330
0388 0384 0332
0390 0386 0332
0392 0388 0332
0394 0390 0334
0396 0392 0336
0398 0394 0338
0400 0396 0340
0402 0398 0342
0404 0400 0344
0406 0402 0346
0408 0404 0348
0410 0406 0350
0412 0408 0352
0414 0410 0354
0416 0412 0356
0418 0414 0356
0420 0416 0356
0422 0418 0358
0424 0420 0360
0426 0422 0362
0428 0424 0364
0430 0426 0366
0432 0428 0368
0434 0430 0370
0436 0432 0372
0438 0434 0374
0440 0436 0376
0442 0438 0376
0444 0440 0376
0446 0442 0378
0448 0444 0380
0450 0446 0382
0452 0448 0384
0454 0450 0386
0456 0452 0388
0458 0454 0390
0460 0456 0392
0462 0458 0394
0464 0460 0396
0466 0462 0396
0468 0464 0396
0470 0466 0398
0472 0468 0400
0474 0470 0402
0476 0472 0404
0478 0474 0406
0480 0476 0408
0482 0478 0410
0484 0480 0412
0486 0482 0414
0488 0484 0416
0490 0486 0418
0492 0488 0420
0494 0490 0420
0496 0492 0420
0498 0494 0422
0500 0496 0424
0502 0498 0426
0504 0500 0428
0506 0502 0430
0508 0504 0432
0510 0506 0434
0512 0508 0436
0514 0510 0438
0516 0512 0440
0518 0514 0440
0520 0516 0440
0522 0518 0442
0524 0520 0444
0526 0522 0446
0528 0524 0448
0530 0526 0450
0532 0528 0452
0534 0530 0454
0536 0532 0456
0538 0534 0458
0540 0536 0460
0542 0538 0460
0544 0540 0460
0546 0542 0462
0548 0544 0464
0550 0546 0466
0552 0548 0468
0554 0550 0470
0556 0552 0472
0558 0554 0474
0560 0556 0476
0562 0558 0478
0564 0560 0480
0566 0562 0482
0568 0564 0484
0570 0566 0484
0572 0568 0484
0574 0570 0486
0576 0572 0488
0578 0574 0490
0580 0576 0492
0582 0578 0494
0584 0580 0496
0586 0582 0498
0588 0584 0500
0590 0586 0502
0592 0588 0504
0594 0590 0504
0596 0592 0504
0598 0594 0506
0600 0596 0508
0602 0598 0510
0604 0600 0512
0606 0602 0514
0608 0604 0516
0610 0606 0518
0612 0608 0520
0614 0610 0522
0616 0612 0524
0618 0614 0526
0620 0616 0528
0622 0618 0528
0624 0620 0528
0626 0620 0530
0628 0620 0532
0630 0622 0534
0632 0624 0536
0634 0626 0538
0636 0628 0540
0638 0630 0542
0640 0632 0544
0642 0634 0546
0644 0636 0548
0646 0638 0548
0648 0640 0548
0650 0642 0550
0652 0644 0552
0654 0646 0554
0656 0648 0556
0658 0650 0558
0660 0652 0560
0662 0654 0562
0664 0656 0564
0666 0658 0566
0668 0660 0568
0670 0662 0568
0672 0664 0568
0674 0666 0570
0676 0668 0572
0678 0670 0574
0680 0672 0576
0682 0674 0578
0684 0676 0580
0686 0678 0582
0688 0680 0584
0690 0682 0586
0692 0684 0588
0694 0686 0590
0696 0688 0592
0698 0690 0592
0700 0692 0592
0702 0694 0594
0704 0696 0596
0706 0698 0598
0708 0700 0600
0710 0702 0602
0712 0704 0604
0714 0706 0606
0716 0708 0608
0718 0710 0610
0720 0712 0612
0722 0714 0612
0724 0716 0612
0726 0718 0614
0728 0720 0616
0730 0722 0618
0732 0724 0620
0734 0726 0622
0736 0728 0624
0738 0730 0626
0740 0732 0628
0742 0734 0630
0744 0736 0632
0746 0738 0632
0748 0740 0632
0750 0742 0634
0752 0744 0636
0754 0746 0638
0756 0748 0640
0758 0750 0642
0760 0752 0644
0762 0754 0646
0764 0756 0648
0766 0758 0650
0768 0760 0652
0770 0762 0654
0772 0764 0656
0774 0766 0656
0776 0768 0656
0778 0770 0658
0780 0772 0660
0782 0774 0662
0784 0776 0664
0786 0778 0666
0788 0780 0668
0790 0782 0670
0792 0784 0672
0794 0786 0674
0796 0788 0676
0798 0790 0676
0800 0792 0676
0802 0794 0678
0804 0796 0680
0806 0798 0682
0808 0800 0684
0810 0802 0686
0812 0804 0688
0814 0806 0690
0816 0808 0692
0818 0810 0694
0820 0812 0696
0822 0814 0696
0824 0816 0696
0826 0818 0698
0828 0820 0700
0828 0822 0702
0828 0824 0704
0830 0826 0706
0832 0828 0708
0834 0830 0710
0836 0832 0712
0838 0834 0714
0840 0836 0716
0842 0838 0718
0844 0840 0720
0846 0842 0720
0848 0844 0720
0850 0846 0722
0852 0848 0724
0854 0850 0726
0856 0852 0728
0858 0854 0730
0860 0856 0732
0862 0858 0734
0864 0860 0736
0866 0862 0738
0868 0864 0740
0870 0864 0740
0872 0864 0740
0874 0866 0742
0876 0868 0744
0878 0870 0746
0880 0872 0748
0882 0874 0750
0884 0876 0752
0886 0878 0754
0888 0880 0756
0890 0882 0758
0892 0884 0760
0894 0886 0762
0896 0888 0764
0898 0890 0764
0900 0892 0764
0902 0894 0766
0904 0896 0768
0906 0898 0770
0908 0900 0772
0910 0902 0774
0912 0904 0776
0914 0906 0778
0916 0908 0780
0918 0910 0782
0920 0912 0784
0922 0914 0784
0924 0916 0784
0926 0918 0786
0928 0920 0788
0930 0922 0790
0932 0924 0792
0934 0926 0794
0936 0928 0796
0938 0930 0798
0940 0932 0800
0942 0934 0802
0944 0936 0804
0946 0938 0804
0948 0940 0804
0950 0942 0806
0952 0944 0808
0954 0946 0810
0956 0948 0812
0958 0950 0814
0960 0952 0816
0962 0954 0818
0964 0956 0820
0966 0958 0822
0968 0960 0824
0970 0962 0826
0972 0964 0828
0974 0966 0828
0976 0968 0828
0978 0970 0830
0980 0972 0832
0982 0974 0834
0984 0976 0836
0986 0978 0838
0988 0980 0840
0990 0982 0842
0992 0984 0844
0994 0986 0846
0996 0988 0848
0998 0990 0848
1000 0992 0848
1002 0994 0850
1004 0996 0852
1006 0998 0854
1008 1000 0856
1010 1002 0858
1012 1004 0860
1012 1004 0860
