0000 0000 0000
0002 0002 0002
0004 0004 0004
0006 0006 0006
0008 0008 0008
0010 0010 0010
0012 0012 0012
0014 0014 0014
0016 0016 0016
0018 0018 0018
0020 0020 0020
0022 0022 0022
0024 0024 0024
0026 0026 0026
0028 0028 0028
0028 0030 0030
0028 0032 0032
0030 0034 0034
0032 0036 0036
0034 0038 0038
0036 0040 0040
0038 0042 0042
0040 0044 0044
0042 0046 0046
0044 0048 0048
0046 0050 0050
0048 0052 0052
0050 0054 0054
0052 0056 0056
0054 0058 0058
0056 0060 0060
0058 0062 0062
0060 0064 0064
0062 0066 0066
0064 0068 0068
0066 0070 0070
0068 0072 0072
0070 0074 0074
0072 0076 0076
0074 0078 0078
0076 0080 0080
0078 0082 0082
0080 0084 0084
0082 0086 0086
0084 0088 0088
0084 0090 0090
0084 0092 0092
0086 0094 0094
0088 0096 0096
0090 0098 0098
0092 0100 0100
0094 0102 0102
0096 0104 0104
0098 0104 0106
0100 0104 0108
0102 0106 0110
0104 0108 0112
0106 0110 0114
0108 0112 0116
0110 0114 0118
0112 0116 0120
0114 0118 0122
0116 0120 0124
0118 0122 0126
0120 0124 0128
0122 0126 0130
0124 0128 0132
0126 0130 0134
0128 0132 0136
0130 0134 0138
0132 0136 0140
0134 0138 0142
0136 0140 0144
0138 0142 0146
0140 0144 0148
0142 0146 0150
0144 0148 0152
0144 0150 0154
0144 0152 0156
0146 0154 0158
0148 0156 0160
0150 0158 0162
0152 0160 0164
0154 0162 0166
0156 0164 0168
0158 0166 0170
0160 0168 0172
0162 0170 0174
0164 0172 0176
0166 0174 0178
0168 0176 0180
0170 0178 0182
0172 0180 0184
0174 0182 0186
0176 0184 0188
0178 0186 0190
0180 0188 0192
0182 0190 0194
0184 0192 0196
0186 0194 0198
0188 0196 0200
0190 0198 0202
0192 0200 0204
0194 0202 0206
0196 0204 0208
0198 0206 0210
0200 0208 0212
0200 0210 0214
0200 0212 0216
0202 0214 0218
0204 0216 0220
0206 0218 0222
0208 0220 0224
0210 0222 0226
0212 0224 0228
0214 0226 0230
0216 0228 0232
0218 0230 0234
0220 0232 0236
0222 0234 0238
0224 0236 0240
0226 0238 0242
0228 0240 0244
0230 0242 0246
0232 0244 0248
0234 0246 0250
0236 0248 0252
0238 0250 0254
0240 0252 0256
0242 0254 0258
0244 0256 0260
0246 0258 0262
0248 0260 0264
0250 0262 0266
0252 0264 0268
0254 0266 0270
0256 0268 0272
0256 0270 0274
0256 0272 0276
0258 0274 0278
0260 0276 0280
0262 0278 0282
0264 0280 0284
0266 0282 0286
0268 0284 0288
0270 0286 0290
0272 0288 0292
0274 0290 0294
0276 0292 0296
0278 0294 0298
0280 0296 0300
0282 0298 0302
0284 0300 0304
0286 0302 0306
0288 0304 0308
0290 0306 0310
0292 0308 0312
0294 0308 0314
0296 0308 0316
0298 0310 0318
0300 0312 0320
0302 0314 0322
0304 0316 0324
0306 0318 0326
0308 0320 0328
0310 0322 0330
0312 0324 0332
0312 0326 0334
0312 0328 0336
0314 0330 0338
0316 0332 0340
0318 0334 0342
0320 0336 0344
0322 0338 0346
0324 0340 0348
0326 0342 0350
0328 0344 0352
0330 0346 0354
0332 0348 0356
0334 0350 0358
0336 0352 0360
0338 0354 0362
0340 0356 0364
0342 0358 0366
0344 0360 0368
0346 0362 0370
0348 0364 0372
0350 0366 0374
0352 0368 0376
0354 0370 0378
0356 0372 0380
0358 0374 0382
0360 0376 0384
0362 0378 0386
0364 0380 0388
0366 0382 0390
0368 0384 0392
0368 0386 0394
0368 0388 0396
0370 0390 0398
0372 0392 0400
0374 0394 0402
0376 0396 0404
0378 0398 0406
0380 0400 0408
0382 0402 0410
0384 0404 0412
0386 0406 0414
0388 0408 0416
0390 0410 0418
0392 0412 0420
0394 0414 0422
0396 0416 0424
0398 0418 0426
0400 0420 0428
0402 0422 0430
0404 0424 0432
0406 0426 0434
0408 0428 0436
0410 0430 0438
0412 0432 0440
0414 0434 0442
0416 0436 0444
0418 0438 0446
0420 0440 0448
0422 0442 0450
0424 0444 0452
0426 0446 0454
0428 0448 0456
0428 0450 0458
0428 0452 0460
0430 0454 0462
0432 0456 0464
0434 0458 0466
0436 0460 0468
0438 0462 0470
0440 0464 0472
0442 0466 0474
0444 0468 0476
0446 0470 0478
0448 0472 0480
0450 0474 0482
0452 0476 0484
0454 0478 0486
0456 0480 0488
0458 0482 0490
0460 0484 0492
0462 0486 0494
0464 0488 0496
0466 0490 0498
0468 0492 0500
0470 0494 0502
0472 0496 0504
0474 0498 0506
0476 0500 0508
0478 0502 0510
0480 0504 0512
0482 0506 0514
0484 0508 0516
0484 0510 0518
0484 0512 0520
0486 0512 0522
0488 0512 0524
0490 0514 0526
0492 0516 0528
0494 0518 0530
0496 0520 0532
0498 0522 0534
0500 0524 0536
0502 0526 0538
0504 0528 0540
0506 0530 0542
0508 0532 0544
0510 0534 0546
0512 0536 0548
0514 0538 0550
0516 0540 0552
0518 0542 0554
0520 0544 0556
0522 0546 0558
0524 0548 0560
0526 0550 0562
0528 0552 0564
0530 0554 0566
0532 0556 0568
0534 0558 0570
0536 0560 0572
0538 0562 0574
0540 0564 0576
0540 0566 0578
0540 0568 0580
0542 0570 0582
0544 0572 0584
0546 0574 0586
0548 0576 0588
0550 0578 0590
0552 0580 0592
0554 0582 0594
0556 0584 0596
0558 0586 0598
0560 0588 0600
0562 0590 0602
0564 0592 0604
0566 0594 0606
0568 0596 0608
0570 0598 0610
0572 0600 0612
0574 0602 0614
0576 0604 0616
0578 0606 0618
0580 0608 0620
0582 0610 0622
0584 0612 0624
0586 0614 0626
0588 0616 0628
0590 0618 0630
0592 0620 0632
0594 0622 0634
0596 0624 0636
0596 0626 0638
0596 0628 0640
0598 0630 0642
0600 0632 0644
0602 0634 0646
0604 0636 0648
0606 0638 0650
0608 0640 0652
0610 0642 0654
0612 0644 0656
0614 0646 0658
0616 0648 0660
0618 0650 0662
0620 0652 0664
0622 0654 0666
0624 0656 0668
0626 0658 0670
0628 0660 0672
0630 0662 0674
0632 0664 0676
0634 0666 0678
0636 0668 0680
0638 0670 0682
0640 0672 0684
0642 0674 0686
0644 0676 0688
0646 0678 0690
0648 0680 0692
0650 0682 0694
0652 0684 0696
0654 0686 0698
0656 0688 0700
0656 0690 0702
0656 0692 0704
0658 0694 0706
0660 0696 0708
0662 0698 0710
0664 0700 0712
0666 0702 0714
0668 0704 0716
0670 0706 0718
0672 0708 0720
0674 0710 0722
0676 0712 0724
0678 0714 0726
0680 0716 0728
0682 0718 0730
0684 0720 0732
0686 0720 0734
0688 0720 0736
0690 0722 0738
0692 0724 0740
0694 0726 0742
0696 0728 0744
0698 0730 0746
0700 0732 0748
0702 0734 0750
0704 0736 0752
0706 0738 0754
0708 0740 0756
0710 0742 0758
0712 0744 0760
0712 0746 0762
0712 0748 0764
0714 0750 0766
0716 0752 0768
0718 0754 0770
0720 0756 0772
0722 0758 0774
0724 0760 0776
0726 0762 0778
0728 0764 0780
0730 0766 0782
0732 0768 0784
0734 0770 0786
0736 0772 0788
0738 0774 0790
0740 0776 0792
0742 0778 0794
0744 0780 0796
0746 0782 0798
0748 0784 0800
0750 0786 0802
0752 0788 0804
0754 0790 0806
0756 0792 0808
0758 0794 0810
0760 0796 0812
0762 0798 0814
0764 0800 0816
0766 0802 0818
0768 0804 0820
0768 0806 0822
0768 0808 0824
0770 0810 0826
0772 0812 0828
0774 0814 0830
0776 0816 0832
0778 0818 0834
0780 0820 0836
0782 0822 0838
0784 0824 0840
0786 0826 0842
0788 0828 0844
0790 0830 0846
0792 0832 0848
0794 0834 0850
0796 0836 0852
0798 0838 0854
0800 0840 0856
0802 0842 0858
0804 0844 0860
0806 0846 0862
0808 0848 0864
0810 0850 0866
0812 0852 0868
0814 0854 0870
0816 0856 0872
0818 0858 0874
0820 0860 0876
0822 0862 0878
0824 0864 0880
0824 0866 0882
0824 0868 0884
0826 0870 0886
0828 0872 0888
0830 0874 0890
0832 0876 0892
0834 0878 0894
0836 0880 0896
0838 0882 0898
0840 0884 0900
0842 0886 0902
0844 0888 0904
0846 0890 0906
0848 0892 0908
0850 0894 0910
0852 0896 0912
0854 0898 0914
0856 0900 0916
0858 0902 0918
0860 0904 0920
0862 0906 0922
0864 0908 0924
0866 0910 0926
0868 0912 0928
0870 0914 0930
0872 0916 0932
0874 0918 0934
0876 0920 0936
0878 0922 0938
0880 0924 0940
0882 0924 0942
0884 0924 0944
0884 0926 0946
0884 0928 0948
0886 0930 0950
0888 0932 0952
0890 0934 0954
0892 0936 0956
0894 0938 0958
0896 0940 0960
0898 0942 0962
0900 0944 0964
0902 0946 0966
0904 0948 0968
0906 0950 0970
0908 0952 0972
0910 0954 0974
0912 0956 0976
0914 0958 0978
0916 0960 0980
0918 0962 0982
0920 0964 0984
0922 0966 0986
0924 0968 0988
0926 0970 0990
0928 0972 0992
0930 0974 0994
0932 0976 0996
0934 0978 0998
0936 0980 1000
0938 0982 1002
0940 0984 1004
0940 0986 1006
0940 0988 1008
0942 0990 1010
0944 0992 1012
0946 0994 1014
0948 0996 1016
0950 0998 1018
0952 1000 1020
0952 1000 1020
