0000 0000 0000
0002 0002 0002
0004 0004 0004
0006 0006 0006
0008 0008 0008
0010 0010 0010
0012 0012 0012
0014 0014 0014
0016 0016 0016
0018 0018 0018
0020 0020 0020
0022 0022 0022
0024 0024 0024
0026 0026 0026
0028 0028 0028
0030 0030 0030
0032 0032 0032
0034 0034 0034
0036 0036 0036
0038 0038 0038
0040 0040 0040
0042 0042 0042
0044 0044 0044
0046 0046 0046
0048 0048 0048
0050 0050 0050
0052 0052 0052
0054 0054 0054
0056 0056 0056
0058 0058 0058
0060 0060 0060
0062 0062 0062
0064 0064 0064
0066 0066 0066
0068 0068 0068
0070 0070 0070
0072 0072 0072
0074 0074 0074
0076 0076 0076
0078 0078 0078
0080 0080 0080
0082 0082 0082
0084 0084 0084
0086 0086 0086
0088 0088 0088
0090 0090 0090
0092 0092 0092
0094 0094 0094
0096 0096 0096
0098 0098 0098
0100 0100 0100
0102 0102 0102
0104 0104 0104
0104 0106 0106
0104 0108 0108
0106 0110 0110
0108 0112 0112
0110 0114 0114
0112 0116 0116
0114 0118 0118
0116 0120 0120
0118 0122 0122
0120 0124 0124
0122 0126 0126
0124 0128 0128
0126 0130 0130
0128 0132 0132
0130 0134 0134
0132 0136 0136
0134 0138 0138
0136 0140 0140
0138 0142 0142
0140 0144 0144
0142 0146 0146
0144 0148 0148
0146 0150 0150
0148 0152 0152
0150 0154 0154
0152 0156 0156
0154 0158 0158
0156 0160 0160
0158 0162 0162
0160 0164 0164
0162 0166 0166
0164 0168 0168
0166 0170 0170
0168 0172 0172
0170 0174 0174
0172 0176 0176
0174 0178 0178
0176 0180 0180
0178 0182 0182
0180 0184 0184
0182 0186 0186
0184 0188 0188
0186 0190 0190
0188 0192 0192
0190 0194 0194
0192 0196 0196
0194 0198 0198
0196 0200 0200
0198 0202 0202
0200 0204 0204
0202 0206 0206
0204 0208 0208
0206 0210 0210
0208 0212 0212
0210 0214 0214
0212 0216 0216
0214 0218 0218
0216 0220 0220
0218 0222 0222
0220 0224 0224
0222 0226 0226
0224 0228 0228
0226 0230 0230
0228 0232 0232
0230 0234 0234
0232 0236 0236
0234 0238 0238
0236 0240 0240
0238 0242 0242
0240 0244 0244
0242 0246 0246
0244 0248 0248
0246 0250 0250
0248 0252 0252
0250 0254 0254
0252 0256 0256
0254 0258 0258
0256 0260 0260
0258 0262 0262
0260 0264 0264
0262 0266 0266
0264 0268 0268
0266 0270 0270
0268 0272 0272
0270 0274 0274
0272 0276 0276
0274 0278 0278
0276 0280 0280
0278 0282 0282
0280 0284 0284
0282 0286 0286
0284 0288 0288
0286 0290 0290
0288 0292 0292
0290 0294 0294
0292 0296 0296
0294 0298 0298
0296 0300 0300
0298 0302 0302
0300 0304 0304
0302 0306 0306
0304 0308 0308
0306 0310 0310
0308 0312 0312
0310 0314 0314
0312 0316 0316
0312 0318 0318
0312 0320 0320
0314 0322 0322
0316 0324 0324
0318 0326 0326
0320 0328 0328
0322 0330 0330
0324 0332 0332
0326 0334 0334
0328 0336 0336
0330 0338 0338
0332 0340 0340
0334 0342 0342
0336 0344 0344
0338 0346 0346
0340 0348 0348
0342 0350 0350
0344 0352 0352
0346 0354 0354
0348 0356 0356
0350 0358 0358
0352 0360 0360
0354 0362 0362
0356 0364 0364
0358 0364 0366
0360 0364 0368
0362 0366 0370
0364 0368 0372
0366 0370 0374
0368 0372 0376
0370 0374 0378
0372 0376 0380
0374 0378 0382
0376 0380 0384
0378 0382 0386
0380 0384 0388
0382 0386 0390
0384 0388 0392
0386 0390 0394
0388 0392 0396
0390 0394 0398
0392 0396 0400
0394 0398 0402
0396 0400 0404
0398 0402 0406
0400 0404 0408
0402 0406 0410
0404 0408 0412
0406 0410 0414
0408 0412 0416
0410 0414 0418
0412 0416 0420
0414 0418 0422
0416 0420 0424
0418 0422 0426
0420 0424 0428
0422 0426 0430
0424 0428 0432
0426 0430 0434
0428 0432 0436
0430 0434 0438
0432 0436 0440
0434 0438 0442
0436 0440 0444
0438 0442 0446
0440 0444 0448
0442 0446 0450
0444 0448 0452
0446 0450 0454
0448 0452 0456
0450 0454 0458
0452 0456 0460
0454 0458 0462
0456 0460 0464
0458 0462 0466
0460 0464 0468
0462 0466 0470
0464 0468 0472
0466 0470 0474
0468 0472 0476
0470 0474 0478
0472 0476 0480
0474 0478 0482
0476 0480 0484
0478 0482 0486
0480 0484 0488
0482 0486 0490
0484 0488 0492
0486 0490 0494
0488 0492 0496
0490 0494 0498
0492 0496 0500
0494 0498 0502
0496 0500 0504
0498 0502 0506
0500 0504 0508
0502 0506 0510
0504 0508 0512
0506 0510 0514
0508 0512 0516
0510 0514 0518
0512 0516 0520
0514 0518 0522
0516 0520 0524
0518 0522 0526
0520 0524 0528
0522 0526 0530
0524 0528 0532
0524 0530 0534
0524 0532 0536
0526 0534 0538
0528 0536 0540
0530 0538 0542
0532 0540 0544
0534 0542 0546
0536 0544 0548
0538 0546 0550
0540 0548 0552
0542 0550 0554
0544 0552 0556
0546 0554 0558
0548 0556 0560
0550 0558 0562
0552 0560 0564
0554 0562 0566
0556 0564 0568
0558 0566 0570
0560 0568 0572
0562 0570 0574
0564 0572 0576
0566 0574 0578
0568 0576 0580
0570 0578 0582
0572 0580 0584
0574 0582 0586
0576 0584 0588
0578 0586 0590
0580 0588 0592
0582 0590 0594
0584 0592 0596
0586 0594 0598
0588 0596 0600
0590 0598 0602
0592 0600 0604
0594 0602 0606
0596 0604 0608
0598 0606 0610
0600 0608 0612
0602 0610 0614
0604 0612 0616
0606 0614 0618
0608 0616 0620
0610 0618 0622
0612 0620 0624
0614 0622 0626
0616 0624 0628
0618 0626 0630
0620 0628 0632
0622 0630 0634
0624 0632 0636
0626 0634 0638
0628 0636 0640
0630 0638 0642
0632 0640 0644
0634 0642 0646
0636 0644 0648
0638 0646 0650
0640 0648 0652
0642 0650 0654
0644 0652 0656
0646 0654 0658
0648 0656 0660
0650 0658 0662
0652 0660 0664
0654 0662 0666
0656 0664 0668
0658 0666 0670
0660 0668 0672
0662 0670 0674
0664 0672 0676
0666 0674 0678
0668 0676 0680
0670 0678 0682
0672 0680 0684
0674 0682 0686
0676 0684 0688
0678 0686 0690
0680 0688 0692
0682 0690 0694
0684 0692 0696
0686 0694 0698
0688 0696 0700
0690 0698 0702
0692 0700 0704
0694 0702 0706
0696 0704 0708
0698 0706 0710
0700 0708 0712
0702 0710 0714
0704 0712 0716
0706 0714 0718
0708 0716 0720
0710 0718 0722
0712 0720 0724
0714 0722 0726
0716 0724 0728
0718 0726 0730
0720 0728 0732
0722 0730 0734
0724 0732 0736
0726 0734 0738
0728 0736 0740
0730 0738 0742
0732 0740 0744
0732 0742 0746
0732 0744 0748
0734 0746 0750
0736 0748 0752
0738 0750 0754
0740 0752 0756
0742 0754 0758
0744 0756 0760
0746 0758 0762
0748 0760 0764
0750 0762 0766
0752 0764 0768
0754 0766 0770
0756 0768 0772
0758 0770 0774
0760 0772 0776
0762 0774 0778
0764 0776 0780
0766 0778 0782
0768 0780 0784
0770 0782 0786
0772 0784 0788
0774 0786 0790
0776 0788 0792
0778 0790 0794
0780 0792 0796
0782 0794 0798
0784 0796 0800
0786 0798 0802
0788 0800 0804
0790 0802 0806
0792 0804 0808
0794 0806 0810
0796 0808 0812
0798 0810 0814
0800 0812 0816
0802 0814 0818
0804 0816 0820
0806 0818 0822
0808 0820 0824
0810 0822 0826
0812 0824 0828
0814 0826 0830
0816 0828 0832
0818 0830 0834
0820 0832 0836
0822 0834 0838
0824 0836 0840
0826 0838 0842
0828 0840 0844
0830 0842 0846
0832 0844 0848
0834 0846 0850
0836 0848 0852
0838 0850 0854
0840 0852 0856
0842 0854 0858
0844 0856 0860
0846 0858 0862
0848 0860 0864
0850 0862 0866
0852 0864 0868
0854 0866 0870
0856 0868 0872
0858 0870 0874
0860 0872 0876
0862 0874 0878
0864 0876 0880
0866 0878 0882
0868 0880 0884
0870 0882 0886
0872 0884 0888
0874 0886 0890
0876 0888 0892
0878 0890 0894
0880 0892 0896
0882 0894 0898
0884 0896 0900
0886 0898 0902
0888 0900 0904
0890 0902 0906
0892 0904 0908
0894 0906 0910
0896 0908 0912
0898 0910 0914
0900 0912 0916
0902 0914 0918
0904 0916 0920
0906 0918 0922
0908 0920 0924
0910 0922 0926
0912 0924 0928
0914 0926 0930
0916 0928 0932
0918 0930 0934
0920 0932 0936
0922 0934 0938
0924 0936 0940
0926 0938 0942
0928 0940 0944
0930 0942 0946
0932 0944 0948
0934 0946 0950
0936 0948 0952
0938 0950 0954
0940 0952 0956
0940 0954 0958
0940 0956 0960
0942 0958 0962
0944 0960 0964
0946 0962 0966
0948 0964 0968
0950 0966 0970
0952 0968 0972
0954 0970 0974
0956 0972 0976
0958 0974 0978
0960 0976 0980
0962 0978 0982
0964 0980 0984
0966 0982 0986
0968 0984 0988
0970 0986 0990
0972 0988 0992
0974 0990 0994
0976 0992 0996
0978 0994 0998
0980 0996 1000
0982 0998 1002
0984 1000 1004
0986 1002 1006
0988 1004 1008
0990 1006 1010
0992 1008 1012
0994 1010 1014
0996 1012 1016
0998 1014 1018
1000 1016 1020
1000 1016 1020
