0000 0000 0000
0002 0002 0002
0004 0004 0004
0006 0006 0006
0008 0008 0008
0010 0010 0010
0012 0012 0012
0014 0014 0014
0016 0016 0016
0018 0018 0018
0020 0020 0020
0022 0022 0022
0024 0024 0024
0024 0026 0026
0024 0028 0028
0026 0030 0030
0028 0032 0032
0030 0034 0034
0032 0036 0036
0034 0038 0038
0036 0040 0040
0038 0042 0042
0040 0044 0044
0042 0046 0046
0044 0048 0048
0046 0050 0050
0048 0052 0052
0050 0054 0054
0052 0056 0056
0054 0058 0058
0056 0060 0060
0058 0062 0062
0060 0064 0064
0062 0066 0066
0064 0068 0068
0066 0070 0070
0068 0072 0072
0070 0074 0074
0072 0076 0076
0072 0078 0078
0072 0080 0080
0074 0082 0082
0076 0084 0084
0078 0086 0086
0080 0088 0088
0082 0088 0090
0084 0088 0092
0086 0090 0094
0088 0092 0096
0090 0094 0098
0092 0096 0100
0094 0098 0102
0096 0100 0104
0098 0102 0106
0100 0104 0108
0102 0106 0110
0104 0108 0112
0106 0110 0114
0108 0112 0116
0110 0114 0118
0112 0116 0120
0114 0118 0122
0116 0120 0124
0118 0122 0126
0120 0124 0128
0122 0126 0130
0124 0128 0132
0124 0130 0134
0124 0132 0136
0126 0134 0138
0128 0136 0140
0130 0138 0142
0132 0140 0144
0134 0142 0146
0136 0144 0148
0138 0146 0150
0140 0148 0152
0142 0150 0154
0144 0152 0156
0146 0154 0158
0148 0156 0160
0150 0158 0162
0152 0160 0164
0154 0162 0166
0156 0164 0168
0158 0166 0170
0160 0168 0172
0162 0170 0174
0164 0172 0176
0166 0174 0178
0168 0176 0180
0170 0178 0182
0172 0180 0184
0172 0182 0186
0172 0184 0188
0174 0186 0190
0176 0188 0192
0178 0190 0194
0180 0192 0196
0182 0194 0198
0184 0196 0200
0186 0198 0202
0188 0200 0204
0190 0202 0206
0192 0204 0208
0194 0206 0210
0196 0208 0212
0198 0210 0214
0200 0212 0216
0202 0214 0218
0204 0216 0220
0206 0218 0222
0208 0220 0224
0210 0222 0226
0212 0224 0228
0214 0226 0230
0216 0228 0232
0218 0230 0234
0220 0232 0236
0220 0234 0238
0220 0236 0240
0222 0238 0242
0224 0240 0244
0226 0242 0246
0228 0244 0248
0230 0246 0250
0232 0248 0252
0234 0250 0254
0236 0252 0256
0238 0254 0258
0240 0256 0260
0242 0258 0262
0244 0260 0264
0246 0262 0266
0248 0264 0268
0250 0266 0270
0252 0268 0272
0254 0268 0274
0256 0268 0276
0258 0270 0278
0260 0272 0280
0262 0274 0282
0264 0276 0284
0266 0278 0286
0268 0280 0288
0270 0282 0290
0272 0284 0292
0272 0286 0294
0272 0288 0296
0274 0290 0298
0276 0292 0300
0278 0294 0302
0280 0296 0304
0282 0298 0306
0284 0300 0308
0286 0302 0310
0288 0304 0312
0290 0306 0314
0292 0308 0316
0294 0310 0318
0296 0312 0320
0298 0314 0322
0300 0316 0324
0302 0318 0326
0304 0320 0328
0306 0322 0330
0308 0324 0332
0310 0326 0334
0312 0328 0336
0314 0330 0338
0316 0332 0340
0318 0334 0342
0320 0336 0344
0320 0338 0346
0320 0340 0348
0322 0342 0350
0324 0344 0352
0326 0346 0354
0328 0348 0356
0330 0350 0358
0332 0352 0360
0334 0354 0362
0336 0356 0364
0338 0358 0366
0340 0360 0368
0342 0362 0370
0344 0364 0372
0346 0366 0374
0348 0368 0376
0350 0370 0378
0352 0372 0380
0354 0374 0382
0356 0376 0384
0358 0378 0386
0360 0380 0388
0362 0382 0390
0364 0384 0392
0366 0386 0394
0368 0388 0396
0368 0390 0398
0368 0392 0400
0370 0394 0402
0372 0396 0404
0374 0398 0406
0376 0400 0408
0378 0402 0410
0380 0404 0412
0382 0406 0414
0384 0408 0416
0386 0410 0418
0388 0412 0420
0390 0414 0422
0392 0416 0424
0394 0418 0426
0396 0420 0428
0398 0422 0430
0400 0424 0432
0402 0426 0434
0404 0428 0436
0406 0430 0438
0408 0432 0440
0410 0434 0442
0412 0436 0444
0414 0438 0446
0416 0440 0448
0418 0442 0450
0420 0444 0452
0420 0446 0454
0420 0448 0456
0422 0448 0458
0424 0448 0460
0426 0450 0462
0428 0452 0464
0430 0454 0466
0432 0456 0468
0434 0458 0470
0436 0460 0472
0438 0462 0474
0440 0464 0476
0442 0466 0478
0444 0468 0480
0446 0470 0482
0448 0472 0484
0450 0474 0486
0452 0476 0488
0454 0478 0490
0456 0480 0492
0458 0482 0494
0460 0484 0496
0462 0486 0498
0464 0488 0500
0466 0490 0502
0468 0492 0504
0468 0494 0506
0468 0496 0508
0470 0498 0510
0472 0500 0512
0474 0502 0514
0476 0504 0516
0478 0506 0518
0480 0508 0520
0482 0510 0522
0484 0512 0524
0486 0514 0526
0488 0516 0528
0490 0518 0530
0492 0520 0532
0494 0522 0534
0496 0524 0536
0498 0526 0538
0500 0528 0540
0502 0530 0542
0504 0532 0544
0506 0534 0546
0508 0536 0548
0510 0538 0550
0512 0540 0552
0514 0542 0554
0516 0544 0556
0516 0546 0558
0516 0548 0560
0518 0550 0562
0520 0552 0564
0522 0554 0566
0524 0556 0568
0526 0558 0570
0528 0560 0572
0530 0562 0574
0532 0564 0576
0534 0566 0578
0536 0568 0580
0538 0570 0582
0540 0572 0584
0542 0574 0586
0544 0576 0588
0546 0578 0590
0548 0580 0592
0550 0582 0594
0552 0584 0596
0554 0586 0598
0556 0588 0600
0558 0590 0602
0560 0592 0604
0562 0594 0606
0564 0596 0608
0566 0598 0610
0568 0600 0612
0568 0602 0614
0568 0604 0616
0570 0606 0618
0572 0608 0620
0574 0610 0622
0576 0612 0624
0578 0614 0626
0580 0616 0628
0582 0618 0630
0584 0620 0632
0586 0622 0634
0588 0624 0636
0590 0626 0638
0592 0628 0640
0594 0628 0642
0596 0628 0644
0598 0630 0646
0600 0632 0648
0602 0634 0650
0604 0636 0652
0606 0638 0654
0608 0640 0656
0610 0642 0658
0612 0644 0660
0614 0646 0662
0616 0648 0664
0616 0650 0666
0616 0652 0668
0618 0654 0670
0620 0656 0672
0622 0658 0674
0624 0660 0676
0626 0662 0678
0628 0664 0680
0630 0666 0682
0632 0668 0684
0634 0670 0686
0636 0672 0688
0638 0674 0690
0640 0676 0692
0642 0678 0694
0644 0680 0696
0646 0682 0698
0648 0684 0700
0650 0686 0702
0652 0688 0704
0654 0690 0706
0656 0692 0708
0658 0694 0710
0660 0696 0712
0662 0698 0714
0664 0700 0716
0664 0702 0718
0664 0704 0720
0666 0706 0722
0668 0708 0724
0670 0710 0726
0672 0712 0728
0674 0714 0730
0676 0716 0732
0678 0718 0734
0680 0720 0736
0682 0722 0738
0684 0724 0740
0686 0726 0742
0688 0728 0744
0690 0730 0746
0692 0732 0748
0694 0734 0750
0696 0736 0752
0698 0738 0754
0700 0740 0756
0702 0742 0758
0704 0744 0760
0706 0746 0762
0708 0748 0764
0710 0750 0766
0712 0752 0768
0714 0754 0770
0716 0756 0772
0716 0758 0774
0716 0760 0776
0718 0762 0778
0720 0764 0780
0722 0766 0782
0724 0768 0784
0726 0770 0786
0728 0772 0788
0730 0774 0790
0732 0776 0792
0734 0778 0794
0736 0780 0796
0738 0782 0798
0740 0784 0800
0742 0786 0802
0744 0788 0804
0746 0790 0806
0748 0792 0808
0750 0794 0810
0752 0796 0812
0754 0798 0814
0756 0800 0816
0758 0802 0818
0760 0804 0820
0762 0804 0822
0764 0804 0824
0764 0806 0826
0764 0808 0828
0766 0810 0830
0768 0812 0832
0770 0814 0834
0772 0816 0836
0774 0818 0838
0776 0820 0840
0778 0822 0842
0780 0824 0844
0782 0826 0846
0784 0828 0848
0786 0830 0850
0788 0832 0852
0790 0834 0854
0792 0836 0856
0794 0838 0858
0796 0840 0860
0798 0842 0862
0800 0844 0864
0802 0846 0866
0804 0848 0868
0806 0850 0870
0808 0852 0872
0810 0854 0874
0812 0856 0876
0812 0858 0878
0812 0860 0880
0814 0862 0882
0816 0864 0884
0818 0866 0886
0820 0868 0888
0822 0870 0890
0824 0872 0892
0826 0874 0894
0828 0876 0896
0830 0878 0898
0832 0880 0900
0834 0882 0902
0836 0884 0904
0838 0886 0906
0840 0888 0908
0842 0890 0910
0844 0892 0912
0846 0894 0914
0848 0896 0916
0850 0898 0918
0852 0900 0920
0854 0902 0922
0856 0904 0924
0858 0906 0926
0860 0908 0928
0862 0910 0930
0864 0912 0932
0864 0914 0934
0864 0916 0936
0866 0918 0938
0868 0920 0940
0870 0922 0942
0872 0924 0944
0874 0926 0946
0876 0928 0948
0878 0930 0950
0880 0932 0952
0882 0934 0954
0884 0936 0956
0886 0938 0958
0888 0940 0960
0890 0942 0962
0892 0944 0964
0894 0946 0966
0896 0948 0968
0898 0950 0970
0900 0952 0972
0902 0954 0974
0904 0956 0976
0906 0958 0978
0908 0960 0980
0910 0962 0982
0912 0964 0984
0912 0966 0986
0912 0968 0988
0914 0970 0990
0916 0972 0992
0918 0974 0994
0920 0976 0996
0922 0978 0998
0924 0980 1000
0926 0982 1002
0928 0984 1004
0930 0984 1006
0932 0984 1008
0934 0986 1010
0936 0988 1012
0938 0990 1014
0940 0992 1016
0942 0994 1018
0944 0996 1020
0944 0996 1020
