0000 0000 0000
0002 0002 0002
0004 0004 0004
0006 0006 0006
0008 0008 0008
0010 0010 0010
0012 0012 0012
0014 0014 0014
0016 0016 0016
0018 0018 0018
0020 0020 0020
0022 0022 0022
0024 0024 0024
0026 0026 0026
0028 0028 0028
0030 0030 0030
0032 0032 0032
0034 0034 0034
0036 0036 0036
0038 0038 0038
0040 0040 0040
0042 0042 0042
0044 0044 0044
0046 0046 0046
0048 0048 0048
0050 0050 0050
0052 0052 0052
0054 0054 0054
0056 0056 0056
0058 0058 0058
0060 0060 0060
0062 0062 0062
0064 0064 0064
0066 0066 0066
0068 0068 0068
0070 0070 0070
0072 0072 0072
0074 0074 0074
0076 0076 0076
0078 0078 0078
0080 0080 0080
0082 0082 0082
0084 0084 0084
0086 0086 0086
0088 0088 0088
0090 0090 0090
0092 0092 0092
0094 0094 0094
0096 0096 0096
0098 0098 0096
0100 0100 0096
0102 0102 0098
0104 0104 0100
0106 0106 0102
0108 0108 0104
0110 0110 0106
0112 0112 0108
0114 0114 0110
0116 0116 0112
0118 0118 0114
0120 0120 0116
0122 0122 0118
0124 0124 0120
0126 0126 0122
0128 0128 0124
0130 0130 0126
0132 0132 0128
0134 0134 0130
0136 0136 0132
0138 0138 0134
0140 0140 0136
0142 0142 0138
0144 0144 0140
0146 0146 0142
0148 0148 0144
0150 0150 0146
0152 0152 0148
0154 0154 0150
0156 0156 0152
0158 0158 0154
0160 0160 0156
0162 0162 0158
0164 0164 0160
0166 0166 0162
0168 0168 0164
0170 0170 0166
0172 0172 0168
0174 0174 0170
0176 0176 0172
0178 0178 0174
0180 0180 0176
0182 0182 0178
0184 0184 0180
0186 0186 0182
0188 0188 0184
0190 0190 0186
0192 0192 0188
0194 0194 0190
0196 0196 0192
0198 0198 0194
0200 0200 0196
0202 0202 0198
0204 0204 0200
0206 0206 0202
0208 0208 0204
0210 0210 0206
0212 0212 0208
0214 0214 0210
0216 0216 0212
0218 0218 0214
0220 0220 0216
0222 0222 0218
0224 0224 0220
0226 0226 0222
0228 0228 0224
0230 0230 0226
0232 0232 0228
0234 0234 0230
0236 0236 0232
0238 0238 0234
0240 0240 0236
0242 0242 0238
0244 0244 0240
0246 0246 0242
0248 0248 0244
0250 0250 0246
0252 0252 0248
0254 0254 0250
0256 0256 0252
0258 0258 0254
0260 0260 0256
0262 0262 0258
0264 0264 0260
0266 0266 0262
0268 0268 0264
0270 0270 0266
0272 0272 0268
0274 0274 0270
0276 0276 0272
0278 0278 0274
0280 0280 0276
0282 0282 0278
0284 0284 0280
0286 0286 0282
0288 0288 0284
0290 0290 0286
0292 0292 0288
0294 0294 0288
0296 0296 0288
0298 0298 0290
0300 0300 0292
0302 0302 0294
0304 0304 0296
0306 0306 0298
0308 0308 0300
0310 0310 0302
0312 0312 0304
0314 0314 0306
0316 0316 0308
0318 0318 0310
0320 0320 0312
0322 0322 0314
0324 0324 0316
0326 0326 0318
0328 0328 0320
0330 0330 0322
0332 0332 0324
0334 0334 0326
0336 0336 0328
0338 0338 0330
0340 0340 0332
0342 0342 0334
0344 0344 0336
0346 0346 0338
0348 0348 0340
0350 0350 0342
0352 0352 0344
0354 0354 0346
0356 0356 0348
0358 0358 0350
0360 0360 0352
0362 0362 0354
0364 0364 0356
0366 0366 0358
0368 0368 0360
0370 0370 0362
0372 0372 0364
0374 0374 0366
0376 0376 0368
0378 0378 0370
0380 0380 0372
0382 0382 0374
0384 0384 0376
0386 0386 0378
0388 0388 0380
0390 0390 0382
0392 0392 0384
0394 0394 0386
0396 0396 0388
0398 0398 0390
0400 0400 0392
0402 0402 0394
0404 0404 0396
0406 0406 0398
0408 0408 0400
0410 0410 0402
0412 0412 0404
0414 0414 0406
0416 0416 0408
0418 0418 0410
0420 0420 0412
0422 0422 0414
0424 0424 0416
0426 0426 0418
0428 0428 0420
0430 0430 0422
0432 0432 0424
0434 0434 0426
0436 0436 0428
0438 0438 0430
0440 0440 0432
0442 0442 0434
0444 0444 0436
0446 0446 0438
0448 0448 0440
0450 0450 0442
0452 0452 0444
0454 0454 0446
0456 0456 0448
0458 0458 0450
0460 0460 0452
0462 0462 0454
0464 0464 0456
0466 0466 0458
0468 0468 0460
0470 0470 0462
0472 0472 0464
0474 0474 0466
0476 0476 0468
0478 0478 0470
0480 0480 0472
0482 0482 0474
0484 0484 0476
0486 0486 0478
0488 0488 0480
0490 0490 0480
0492 0492 0480
0494 0494 0482
0496 0496 0484
0498 0498 0486
0500 0500 0488
0502 0502 0490
0504 0504 0492
0506 0506 0494
0508 0508 0496
0510 0510 0498
0512 0512 0500
0514 0514 0502
0516 0516 0504
0518 0518 0506
0520 0520 0508
0522 0522 0510
0524 0524 0512
0526 0526 0514
0528 0528 0516
0530 0530 0518
0532 0532 0520
0534 0534 0522
0536 0536 0524
0538 0538 0526
0540 0540 0528
0542 0542 0530
0544 0544 0532
0546 0546 0534
0548 0548 0536
0550 0550 0538
0552 0552 0540
0554 0554 0542
0556 0556 0544
0558 0558 0546
0560 0560 0548
0562 0562 0550
0564 0564 0552
0566 0566 0554
0568 0568 0556
0570 0570 0558
0572 0572 0560
0574 0574 0562
0576 0576 0564
0578 0578 0566
0580 0580 0568
0582 0582 0570
0584 0584 0572
0586 0586 0574
0588 0588 0576
0590 0590 0578
0592 0592 0580
0594 0594 0582
0596 0596 0584
0598 0598 0586
0600 0600 0588
0602 0602 0590
0604 0604 0592
0606 0606 0594
0608 0608 0596
0610 0610 0598
0612 0612 0600
0614 0614 0602
0616 0616 0604
0618 0618 0606
0620 0620 0608
0622 0622 0610
0624 0624 0612
0626 0626 0614
0628 0628 0616
0630 0630 0618
0632 0632 0620
0634 0634 0622
0636 0636 0624
0638 0638 0626
0640 0640 0628
0642 0642 0630
0644 0644 0632
0646 0646 0634
0648 0648 0636
0650 0650 0638
0652 0652 0640
0654 0654 0642
0656 0656 0644
0658 0658 0646
0660 0660 0648
0662 0662 0650
0664 0664 0652
0666 0666 0654
0668 0668 0656
0670 0670 0658
0672 0672 0660
0674 0674 0662
0676 0676 0664
0678 0678 0666
0680 0680 0668
0682 0682 0670
0684 0684 0672
0686 0686 0672
0688 0688 0672
0690 0690 0674
0692 0692 0676
0694 0694 0678
0696 0696 0680
0698 0698 0682
0700 0700 0684
0702 0702 0686
0704 0704 0688
0706 0706 0690
0708 0708 0692
0710 0710 0694
0712 0712 0696
0714 0714 0698
0716 0716 0700
0718 0718 0702
0720 0720 0704
0722 0722 0706
0724 0724 0708
0726 0726 0710
0728 0728 0712
0730 0730 0714
0732 0732 0716
0734 0734 0718
0736 0736 0720
0738 0738 0722
0740 0740 0724
0742 0742 0726
0744 0744 0728
0746 0746 0730
0748 0748 0732
0750 0750 0734
0752 0752 0736
0754 0754 0738
0756 0756 0740
0758 0758 0742
0760 0760 0744
0762 0762 0746
0764 0764 0748
0766 0766 0750
0768 0768 0752
0770 0770 0754
0772 0772 0756
0774 0774 0758
0776 0776 0760
0778 0778 0762
0780 0780 0764
0782 0782 0766
0784 0784 0768
0786 0786 0770
0788 0788 0772
0790 0790 0774
0792 0792 0776
0794 0794 0778
0796 0796 0780
0798 0798 0782
0800 0800 0784
0802 0802 0786
0804 0804 0788
0806 0806 0790
0808 0808 0792
0810 0810 0794
0812 0812 0796
0814 0814 0798
0816 0816 0800
0818 0818 0802
0820 0820 0804
0822 0822 0806
0824 0824 0808
0826 0826 0810
0828 0828 0812
0830 0830 0814
0832 0832 0816
0834 0834 0818
0836 0836 0820
0838 0838 0822
0840 0840 0824
0842 0842 0826
0844 0844 0828
0846 0846 0830
0848 0848 0832
0850 0850 0834
0852 0852 0836
0854 0854 0838
0856 0856 0840
0858 0858 0842
0860 0860 0844
0862 0862 0846
0864 0864 0848
0866 0866 0850
0868 0868 0852
0870 0870 0854
0872 0872 0856
0874 0874 0858
0876 0876 0860
0878 0878 0862
0880 0880 0864
0882 0882 0866
0884 0884 0868
0886 0886 0868
0888 0888 0868
0890 0890 0870
0892 0892 0872
0894 0894 0874
0896 0896 0876
0898 0898 0878
0900 0900 0880
0902 0902 0882
0904 0904 0884
0906 0906 0886
0908 0908 0888
0910 0910 0890
0912 0912 0892
0914 0914 0894
0916 0916 0896
0918 0918 0898
0920 0920 0900
0922 0922 0902
0924 0924 0904
0926 0926 0906
0928 0928 0908
0930 0930 0910
0932 0932 0912
0934 0934 0914
0936 0936 0916
0938 0938 0918
0940 0940 0920
0942 0942 0922
0944 0944 0924
0946 0946 0926
0948 0948 0928
0950 0950 0930
0952 0952 0932
0954 0954 0934
0956 0956 0936
0958 0958 0938
0960 0960 0940
0962 0962 0942
0964 0964 0944
0966 0966 0946
0968 0968 0948
0970 0970 0950
0972 0972 0952
0974 0974 0954
0976 0976 0956
0978 0978 0958
0980 0980 0960
0982 0982 0962
0984 0984 0964
0986 0986 0966
0988 0988 0968
0990 0990 0970
0992 0992 0972
0994 0994 0974
0996 0996 0976
0998 0998 0978
1000 1000 0980
1002 1002 0982
1004 1004 0984
1006 1006 0986
1008 1008 0988
1010 1010 0990
1012 1012 0992
1014 1014 0994
1016 1016 0996
1018 1018 0998
1020 1020 1000
1020 1020 1000
