0000 0000 0000
0002 0002 0002
0004 0004 0004
0006 0006 0006
0008 0008 0008
0010 0010 0010
0012 0012 0012
0014 0014 0014
0016 0016 0016
0018 0018 0018
0020 0020 0020
0020 0022 0022
0020 0024 0024
0022 0026 0026
0024 0028 0028
0026 0030 0030
0028 0032 0032
0030 0034 0034
0032 0036 0036
0034 0038 0038
0036 0040 0040
0038 0042 0042
0040 0044 0044
0042 0046 0046
0044 0048 0048
0046 0050 0050
0048 0052 0052
0050 0054 0054
0052 0056 0056
0054 0058 0058
0056 0060 0060
0056 0062 0062
0056 0064 0064
0058 0066 0066
0060 0068 0068
0062 0070 0070
0064 0072 0072
0066 0072 0074
0068 0072 0076
0070 0074 0078
0072 0076 0080
0074 0078 0082
0076 0080 0084
0078 0082 0086
0080 0084 0088
0082 0086 0090
0084 0088 0092
0086 0090 0094
0088 0092 0096
0090 0094 0098
0092 0096 0100
0094 0098 0102
0096 0100 0104
0096 0102 0106
0096 0104 0108
0098 0106 0110
0100 0108 0112
0102 0110 0114
0104 0112 0116
0106 0114 0118
0108 0116 0120
0110 0118 0122
0112 0120 0124
0114 0122 0126
0116 0124 0128
0118 0126 0130
0120 0128 0132
0122 0130 0134
0124 0132 0136
0126 0134 0138
0128 0136 0140
0130 0138 0142
0132 0140 0144
0134 0142 0146
0136 0144 0148
0136 0146 0150
0136 0148 0152
0138 0150 0154
0140 0152 0156
0142 0154 0158
0144 0156 0160
0146 0158 0162
0148 0160 0164
0150 0162 0166
0152 0164 0168
0154 0166 0170
0156 0168 0172
0158 0170 0174
0160 0172 0176
0162 0174 0178
0164 0176 0180
0166 0178 0182
0168 0180 0184
0170 0182 0186
0172 0184 0188
0172 0186 0190
0172 0188 0192
0174 0190 0194
0176 0192 0196
0178 0194 0198
0180 0196 0200
0182 0198 0202
0184 0200 0204
0186 0202 0206
0188 0204 0208
0190 0206 0210
0192 0208 0212
0194 0210 0214
0196 0212 0216
0198 0212 0218
0200 0212 0220
0202 0214 0222
0204 0216 0224
0206 0218 0226
0208 0220 0228
0210 0222 0230
0212 0224 0232
0212 0226 0234
0212 0228 0236
0214 0230 0238
0216 0232 0240
0218 0234 0242
0220 0236 0244
0222 0238 0246
0224 0240 0248
0226 0242 0250
0228 0244 0252
0230 0246 0254
0232 0248 0256
0234 0250 0258
0236 0252 0260
0238 0254 0262
0240 0256 0264
0242 0258 0266
0244 0260 0268
0246 0262 0270
0248 0264 0272
0250 0266 0274
0252 0268 0276
0252 0270 0278
0252 0272 0280
0254 0274 0282
0256 0276 0284
0258 0278 0286
0260 0280 0288
0262 0282 0290
0264 0284 0292
0266 0286 0294
0268 0288 0296
0270 0290 0298
0272 0292 0300
0274 0294 0302
0276 0296 0304
0278 0298 0306
0280 0300 0308
0282 0302 0310
0284 0304 0312
0286 0306 0314
0288 0308 0316
0288 0310 0318
0288 0312 0320
0290 0314 0322
0292 0316 0324
0294 0318 0326
0296 0320 0328
0298 0322 0330
0300 0324 0332
0302 0326 0334
0304 0328 0336
0306 0330 0338
0308 0332 0340
0310 0334 0342
0312 0336 0344
0314 0338 0346
0316 0340 0348
0318 0342 0350
0320 0344 0352
0322 0346 0354
0324 0348 0356
0326 0350 0358
0328 0352 0360
0328 0354 0362
0328 0356 0364
0330 0356 0366
0332 0356 0368
0334 0358 0370
0336 0360 0372
0338 0362 0374
0340 0364 0376
0342 0366 0378
0344 0368 0380
0346 0370 0382
0348 0372 0384
0350 0374 0386
0352 0376 0388
0354 0378 0390
0356 0380 0392
0358 0382 0394
0360 0384 0396
0362 0386 0398
0364 0388 0400
0366 0390 0402
0368 0392 0404
0368 0394 0406
0368 0396 0408
0370 0398 0410
0372 0400 0412
0374 0402 0414
0376 0404 0416
0378 0406 0418
0380 0408 0420
0382 0410 0422
0384 0412 0424
0386 0414 0426
0388 0416 0428
0390 0418 0430
0392 0420 0432
0394 0422 0434
0396 0424 0436
0398 0426 0438
0400 0428 0440
0402 0430 0442
0404 0432 0444
0404 0434 0446
0404 0436 0448
0406 0438 0450
0408 0440 0452
0410 0442 0454
0412 0444 0456
0414 0446 0458
0416 0448 0460
0418 0450 0462
0420 0452 0464
0422 0454 0466
0424 0456 0468
0426 0458 0470
0428 0460 0472
0430 0462 0474
0432 0464 0476
0434 0466 0478
0436 0468 0480
0438 0470 0482
0440 0472 0484
0442 0474 0486
0444 0476 0488
0444 0478 0490
0444 0480 0492
0446 0482 0494
0448 0484 0496
0450 0486 0498
0452 0488 0500
0454 0490 0502
0456 0492 0504
0458 0494 0506
0460 0496 0508
0462 0498 0510
0464 0500 0512
0466 0500 0514
0468 0500 0516
0470 0502 0518
0472 0504 0520
0474 0506 0522
0476 0508 0524
0478 0510 0526
0480 0512 0528
0482 0514 0530
0484 0516 0532
0484 0518 0534
0484 0520 0536
0486 0522 0538
0488 0524 0540
0490 0526 0542
0492 0528 0544
0494 0530 0546
0496 0532 0548
0498 0534 0550
0500 0536 0552
0502 0538 0554
0504 0540 0556
0506 0542 0558
0508 0544 0560
0510 0546 0562
0512 0548 0564
0514 0550 0566
0516 0552 0568
0518 0554 0570
0520 0556 0572
0520 0558 0574
0520 0560 0576
0522 0562 0578
0524 0564 0580
0526 0566 0582
0528 0568 0584
0530 0570 0586
0532 0572 0588
0534 0574 0590
0536 0576 0592
0538 0578 0594
0540 0580 0596
0542 0582 0598
0544 0584 0600
0546 0586 0602
0548 0588 0604
0550 0590 0606
0552 0592 0608
0554 0594 0610
0556 0596 0612
0558 0598 0614
0560 0600 0616
0560 0602 0618
0560 0604 0620
0562 0606 0622
0564 0608 0624
0566 0610 0626
0568 0612 0628
0570 0614 0630
0572 0616 0632
0574 0618 0634
0576 0620 0636
0578 0622 0638
0580 0624 0640
0582 0626 0642
0584 0628 0644
0586 0630 0646
0588 0632 0648
0590 0634 0650
0592 0636 0652
0594 0638 0654
0596 0640 0656
0598 0640 0658
0600 0640 0660
0600 0642 0662
0600 0644 0664
0602 0646 0666
0604 0648 0668
0606 0650 0670
0608 0652 0672
0610 0654 0674
0612 0656 0676
0614 0658 0678
0616 0660 0680
0618 0662 0682
0620 0664 0684
0622 0666 0686
0624 0668 0688
0626 0670 0690
0628 0672 0692
0630 0674 0694
0632 0676 0696
0634 0678 0698
0636 0680 0700
0636 0682 0702
0636 0684 0704
0638 0686 0706
0640 0688 0708
0642 0690 0710
0644 0692 0712
0646 0694 0714
0648 0696 0716
0650 0698 0718
0652 0700 0720
0654 0702 0722
0656 0704 0724
0658 0706 0726
0660 0708 0728
0662 0710 0730
0664 0712 0732
0666 0714 0734
0668 0716 0736
0670 0718 0738
0672 0720 0740
0674 0722 0742
0676 0724 0744
0676 0726 0746
0676 0728 0748
0678 0730 0750
0680 0732 0752
0682 0734 0754
0684 0736 0756
0686 0738 0758
0688 0740 0760
0690 0742 0762
0692 0744 0764
0694 0746 0766
0696 0748 0768
0698 0750 0770
0700 0752 0772
0702 0754 0774
0704 0756 0776
0706 0758 0778
0708 0760 0780
0710 0762 0782
0712 0764 0784
0714 0766 0786
0716 0768 0788
0716 0770 0790
0716 0772 0792
0718 0774 0794
0720 0776 0796
0722 0778 0798
0724 0780 0800
0726 0782 0802
0728 0784 0804
0730 0784 0806
0732 0784 0808
0734 0786 0810
0736 0788 0812
0738 0790 0814
0740 0792 0816
0742 0794 0818
0744 0796 0820
0746 0798 0822
0748 0800 0824
0750 0802 0826
0752 0804 0828
0752 0806 0830
0752 0808 0832
0754 0810 0834
0756 0812 0836
0758 0814 0838
0760 0816 0840
0762 0818 0842
0764 0820 0844
0766 0822 0846
0768 0824 0848
0770 0826 0850
0772 0828 0852
0774 0830 0854
0776 0832 0856
0778 0834 0858
0780 0836 0860
0782 0838 0862
0784 0840 0864
0786 0842 0866
0788 0844 0868
0790 0846 0870
0792 0848 0872
0792 0850 0874
0792 0852 0876
0794 0854 0878
0796 0856 0880
0798 0858 0882
0800 0860 0884
0802 0862 0886
0804 0864 0888
0806 0866 0890
0808 0868 0892
0810 0870 0894
0812 0872 0896
0814 0874 0898
0816 0876 0900
0818 0878 0902
0820 0880 0904
0822 0882 0906
0824 0884 0908
0826 0886 0910
0828 0888 0912
0830 0890 0914
0832 0892 0916
0832 0894 0918
0832 0896 0920
0834 0898 0922
0836 0900 0924
0838 0902 0926
0840 0904 0928
0842 0906 0930
0844 0908 0932
0846 0910 0934
0848 0912 0936
0850 0914 0938
0852 0916 0940
0854 0918 0942
0856 0920 0944
0858 0922 0946
0860 0924 0948
0862 0924 0950
0864 0924 0952
0866 0926 0954
0868 0928 0956
0868 0930 0958
0868 0932 0960
0870 0934 0962
0872 0936 0964
0874 0938 0966
0876 0940 0968
0878 0942 0970
0880 0944 0972
0882 0946 0974
0884 0948 0976
0886 0950 0978
0888 0952 0980
0890 0954 0982
0892 0956 0984
0894 0958 0986
0896 0960 0988
0898 0962 0990
0900 0964 0992
0902 0966 0994
0904 0968 0996
0906 0970 0998
0908 0972 1000
0908 0974 1002
0908 0976 1004
0910 0978 1006
0912 0980 1008
0914 0982 1010
0916 0984 1012
0918 0986 1014
0920 0988 1016
0922 0990 1018
0924 0992 1020
0924 0992 1020
