0000 0000 0000
0002 0002 0002
0004 0004 0004
0006 0006 0006
0008 0008 0008
0010 0010 0010
0012 0012 0012
0014 0014 0014
0016 0016 0016
0018 0018 0018
0020 0020 0020
0022 0022 0022
0024 0024 0024
0026 0026 0026
0028 0028 0028
0030 0030 0030
0032 0032 0032
0034 0034 0032
0036 0036 0032
0038 0038 0034
0040 0040 0036
0042 0042 0038
0044 0044 0040
0046 0046 0042
0048 0048 0044
0050 0050 0046
0052 0052 0048
0054 0054 0050
0056 0056 0052
0058 0058 0054
0060 0060 0056
0062 0062 0058
0064 0064 0060
0066 0066 0062
0068 0068 0064
0070 0070 0066
0072 0072 0068
0074 0074 0070
0076 0076 0072
0078 0078 0074
0080 0080 0076
0082 0082 0078
0084 0084 0080
0086 0086 0082
0088 0088 0084
0090 0090 0086
0092 0092 0088
0094 0094 0090
0096 0096 0092
0098 0098 0094
0100 0100 0096
0102 0102 0096
0104 0104 0096
0106 0106 0098
0108 0108 0100
0110 0110 0102
0112 0112 0104
0114 0114 0106
0116 0116 0108
0118 0118 0110
0120 0120 0112
0122 0122 0114
0124 0124 0116
0126 0126 0118
0128 0128 0120
0130 0130 0122
0132 0132 0124
0134 0134 0126
0136 0136 0128
0138 0138 0130
0140 0140 0132
0142 0142 0134
0144 0144 0136
0146 0146 0138
0148 0148 0140
0150 0150 0142
0152 0152 0144
0154 0154 0146
0156 0156 0148
0158 0158 0150
0160 0160 0152
0162 0162 0154
0164 0164 0156
0166 0166 0158
0168 0168 0160
0170 0170 0162
0172 0172 0164
0174 0174 0164
0176 0176 0164
0178 0178 0166
0180 0180 0168
0182 0182 0170
0184 0184 0172
0186 0186 0174
0188 0188 0176
0190 0190 0178
0192 0192 0180
0194 0194 0182
0196 0196 0184
0198 0198 0186
0200 0200 0188
0202 0202 0190
0204 0204 0192
0206 0206 0194
0208 0208 0196
0210 0210 0198
0212 0212 0200
0214 0214 0202
0216 0216 0204
0218 0218 0206
0220 0220 0208
0222 0222 0210
0224 0224 0212
0226 0226 0214
0228 0228 0216
0230 0230 0218
0232 0232 0220
0234 0234 0222
0236 0236 0224
0238 0238 0226
0240 0240 0228
0242 0242 0228
0244 0244 0228
0246 0246 0230
0248 0248 0232
0250 0250 0234
0252 0252 0236
0254 0254 0238
0256 0256 0240
0258 0258 0242
0260 0260 0244
0262 0262 0246
0264 0264 0248
0266 0266 0250
0268 0268 0252
0270 0270 0254
0272 0272 0256
0274 0274 0258
0276 0276 0260
0278 0278 0262
0280 0280 0264
0282 0282 0266
0284 0284 0268
0286 0286 0270
0288 0288 0272
0290 0290 0274
0292 0292 0276
0294 0294 0278
0296 0296 0280
0298 0298 0282
0300 0300 0284
0302 0302 0286
0304 0304 0288
0306 0306 0290
0308 0308 0292
0310 0310 0292
0312 0312 0292
0314 0314 0294
0316 0316 0296
0318 0318 0298
0320 0320 0300
0322 0322 0302
0324 0324 0304
0326 0326 0306
0328 0328 0308
0330 0330 0310
0332 0332 0312
0334 0334 0314
0336 0336 0316
0338 0338 0318
0340 0340 0320
0342 0342 0322
0344 0344 0324
0346 0346 0326
0348 0348 0328
0350 0350 0330
0352 0352 0332
0354 0354 0334
0356 0356 0336
0358 0358 0338
0360 0360 0340
0362 0362 0342
0364 0364 0344
0366 0366 0346
0368 0368 0348
0370 0370 0350
0372 0372 0352
0374 0374 0354
0376 0376 0356
0378 0378 0358
0380 0380 0360
0382 0382 0360
0384 0384 0360
0386 0386 0362
0388 0388 0364
0390 0390 0366
0392 0392 0368
0394 0394 0370
0396 0396 0372
0398 0398 0374
0400 0400 0376
0402 0402 0378
0404 0404 0380
0406 0406 0382
0408 0408 0384
0410 0410 0386
0412 0412 0388
0414 0414 0390
0416 0416 0392
0418 0418 0394
0420 0420 0396
0422 0422 0398
0424 0424 0400
0426 0426 0402
0428 0428 0404
0430 0430 0406
0432 0432 0408
0434 0434 0410
0436 0436 0412
0438 0438 0414
0440 0440 0416
0442 0442 0418
0444 0444 0420
0446 0446 0422
0448 0448 0424
0450 0450 0424
0452 0452 0424
0454 0454 0426
0456 0456 0428
0458 0458 0430
0460 0460 0432
0462 0462 0434
0464 0464 0436
0466 0466 0438
0468 0468 0440
0470 0470 0442
0472 0472 0444
0474 0474 0446
0476 0476 0448
0478 0478 0450
0480 0480 0452
0482 0482 0454
0484 0484 0456
0486 0486 0458
0488 0488 0460
0490 0490 0462
0492 0492 0464
0494 0494 0466
0496 0496 0468
0498 0498 0470
0500 0500 0472
0502 0502 0474
0504 0504 0476
0506 0506 0478
0508 0508 0480
0510 0510 0482
0512 0512 0484
0514 0514 0486
0516 0516 0488
0518 0518 0488
0520 0520 0488
0522 0522 0490
0524 0524 0492
0526 0526 0494
0528 0528 0496
0530 0530 0498
0532 0532 0500
0534 0534 0502
0536 0536 0504
0538 0538 0506
0540 0540 0508
0542 0542 0510
0544 0544 0512
0546 0546 0514
0548 0548 0516
0550 0550 0518
0552 0552 0520
0554 0554 0522
0556 0556 0524
0558 0558 0526
0560 0560 0528
0562 0562 0530
0564 0564 0532
0566 0566 0534
0568 0568 0536
0570 0570 0538
0572 0572 0540
0574 0574 0542
0576 0576 0544
0578 0578 0546
0580 0580 0548
0582 0582 0550
0584 0584 0552
0586 0586 0552
0588 0588 0552
0590 0590 0554
0592 0592 0556
0594 0594 0558
0596 0596 0560
0598 0598 0562
0600 0600 0564
0602 0602 0566
0604 0604 0568
0606 0606 0570
0608 0608 0572
0610 0610 0574
0612 0612 0576
0614 0614 0578
0616 0616 0580
0618 0618 0582
0620 0620 0584
0622 0622 0586
0624 0624 0588
0626 0626 0590
0628 0628 0592
0630 0630 0594
0632 0632 0596
0634 0634 0598
0636 0636 0600
0638 0638 0602
0640 0640 0604
0642 0642 0606
0644 0644 0608
0646 0646 0610
0648 0648 0612
0650 0650 0614
0652 0652 0616
0654 0654 0618
0656 0656 0620
0658 0658 0620
0660 0660 0620
0662 0662 0622
0664 0664 0624
0666 0666 0626
0668 0668 0628
0670 0670 0630
0672 0672 0632
0674 0674 0634
0676 0676 0636
0678 0678 0638
0680 0680 0640
0682 0682 0642
0684 0684 0644
0686 0686 0646
0688 0688 0648
0690 0690 0650
0692 0692 0652
0694 0694 0654
0696 0696 0656
0698 0698 0658
0700 0700 0660
0702 0702 0662
0704 0704 0664
0706 0706 0666
0708 0708 0668
0710 0710 0670
0712 0712 0672
0714 0714 0674
0716 0716 0676
0718 0718 0678
0720 0720 0680
0722 0722 0682
0724 0724 0684
0726 0726 0684
0728 0728 0684
0730 0730 0686
0732 0732 0688
0734 0734 0690
0736 0736 0692
0738 0738 0694
0740 0740 0696
0742 0742 0698
0744 0744 0700
0746 0746 0702
0748 0748 0704
0750 0750 0706
0752 0752 0708
0754 0754 0710
0756 0756 0712
0758 0758 0714
0760 0760 0716
0762 0762 0718
0764 0764 0720
0766 0766 0722
0768 0768 0724
0770 0770 0726
0772 0772 0728
0774 0774 0730
0776 0776 0732
0778 0778 0734
0780 0780 0736
0782 0782 0738
0784 0784 0740
0786 0786 0742
0788 0788 0744
0790 0790 0746
0792 0792 0748
0794 0794 0748
0796 0796 0748
0798 0798 0750
0800 0800 0752
0802 0802 0754
0804 0804 0756
0806 0806 0758
0808 0808 0760
0810 0810 0762
0812 0812 0764
0814 0814 0766
0816 0816 0768
0818 0818 0770
0820 0820 0772
0822 0822 0774
0824 0824 0776
0826 0826 0778
0828 0828 0780
0830 0830 0782
0832 0832 0784
0834 0834 0786
0836 0836 0788
0838 0838 0790
0840 0840 0792
0842 0842 0794
0844 0844 0796
0846 0846 0798
0848 0848 0800
0850 0850 0802
0852 0852 0804
0854 0854 0806
0856 0856 0808
0858 0858 0810
0860 0860 0812
0862 0862 0812
0864 0864 0812
0866 0866 0814
0868 0868 0816
0870 0870 0818
0872 0872 0820
0874 0874 0822
0876 0876 0824
0878 0878 0826
0880 0880 0828
0882 0882 0830
0884 0884 0832
0886 0886 0834
0888 0888 0836
0890 0890 0838
0892 0892 0840
0894 0894 0842
0896 0896 0844
0898 0898 0846
0900 0900 0848
0902 0902 0850
0904 0904 0852
0906 0906 0854
0908 0908 0856
0910 0910 0858
0912 0912 0860
0914 0914 0862
0916 0916 0864
0918 0918 0866
0920 0920 0868
0922 0922 0870
0924 0924 0872
0926 0926 0874
0928 0928 0876
0930 0930 0878
0932 0932 0880
0934 0934 0880
0936 0936 0880
0938 0938 0882
0940 0940 0884
0942 0942 0886
0944 0944 0888
0946 0946 0890
0948 0948 0892
0950 0950 0894
0952 0952 0896
0954 0954 0898
0956 0956 0900
0958 0958 0902
0960 0960 0904
0962 0962 0906
0964 0964 0908
0966 0966 0910
0968 0968 0912
0970 0970 0914
0972 0972 0916
0974 0974 0918
0976 0976 0920
0978 0978 0922
0980 0980 0924
0982 0982 0926
0984 0984 0928
0986 0986 0930
0988 0988 0932
0990 0990 0934
0992 0992 0936
0994 0994 0938
0996 0996 0940
0998 0998 0942
1000 1000 0944
1002 1002 0944
1004 1004 0944
1006 1006 0946
1008 1008 0948
1010 1010 0950
1012 1012 0952
1014 1014 0954
1016 1016 0956
1018 1018 0958
1020 1020 0960
1020 1020 0960
