0000 0000 0000
0002 0002 0002
0004 0004 0004
0006 0006 0006
0008 0008 0008
0010 0010 0010
0012 0012 0012
0014 0014 0014
0016 0016 0016
0018 0018 0018
0020 0020 0020
0022 0022 0022
0024 0024 0024
0026 0026 0026
0028 0028 0028
0030 0030 0030
0032 0032 0032
0034 0034 0034
0036 0036 0036
0038 0038 0038
0040 0040 0040
0042 0042 0042
0044 0044 0044
0046 0046 0046
0048 0048 0048
0050 0050 0048
0052 0052 0048
0054 0054 0050
0056 0056 0052
0058 0058 0054
0060 0060 0056
0062 0062 0058
0064 0064 0060
0066 0066 0062
0068 0068 0064
0070 0070 0066
0072 0072 0068
0074 0074 0070
0076 0076 0072
0078 0078 0074
0080 0080 0076
0082 0082 0078
0084 0084 0080
0086 0086 0082
0088 0088 0084
0090 0090 0086
0092 0092 0088
0094 0094 0090
0096 0096 0092
0098 0098 0094
0100 0100 0096
0102 0102 0098
0104 0104 0100
0106 0106 0102
0108 0108 0104
0110 0110 0106
0112 0112 0108
0114 0114 0110
0116 0116 0112
0118 0118 0114
0120 0120 0116
0122 0122 0118
0124 0124 0120
0126 0126 0122
0128 0128 0124
0130 0130 0126
0132 0132 0128
0134 0134 0130
0136 0136 0132
0138 0138 0134
0140 0140 0136
0142 0142 0138
0144 0144 0140
0146 0146 0142
0148 0148 0144
0150 0150 0146
0152 0152 0148
0154 0154 0148
0156 0156 0148
0158 0158 0150
0160 0160 0152
0162 0162 0154
0164 0164 0156
0166 0166 0158
0168 0168 0160
0170 0170 0162
0172 0172 0164
0174 0174 0166
0176 0176 0168
0178 0178 0170
0180 0180 0172
0182 0182 0174
0184 0184 0176
0186 0186 0178
0188 0188 0180
0190 0190 0182
0192 0192 0184
0194 0194 0186
0196 0196 0188
0198 0198 0190
0200 0200 0192
0202 0202 0194
0204 0204 0196
0206 0206 0198
0208 0208 0200
0210 0210 0202
0212 0212 0204
0214 0214 0206
0216 0216 0208
0218 0218 0210
0220 0220 0212
0222 0222 0214
0224 0224 0216
0226 0226 0218
0228 0228 0220
0230 0230 0222
0232 0232 0224
0234 0234 0226
0236 0236 0228
0238 0238 0230
0240 0240 0232
0242 0242 0234
0244 0244 0236
0246 0246 0238
0248 0248 0240
0250 0250 0242
0252 0252 0244
0254 0254 0246
0256 0256 0248
0258 0258 0248
0260 0260 0248
0262 0262 0250
0264 0264 0252
0266 0266 0254
0268 0268 0256
0270 0270 0258
0272 0272 0260
0274 0274 0262
0276 0276 0264
0278 0278 0266
0280 0280 0268
0282 0282 0270
0284 0284 0272
0286 0286 0274
0288 0288 0276
0290 0290 0278
0292 0292 0280
0294 0294 0282
0296 0296 0284
0298 0298 0286
0300 0300 0288
0302 0302 0290
0304 0304 0292
0306 0306 0294
0308 0308 0296
0310 0310 0298
0312 0312 0300
0314 0314 0302
0316 0316 0304
0318 0318 0306
0320 0320 0308
0322 0322 0310
0324 0324 0312
0326 0326 0314
0328 0328 0316
0330 0330 0318
0332 0332 0320
0334 0334 0322
0336 0336 0324
0338 0338 0326
0340 0340 0328
0342 0342 0330
0344 0344 0332
0346 0346 0334
0348 0348 0336
0350 0350 0338
0352 0352 0340
0354 0354 0342
0356 0356 0344
0358 0358 0346
0360 0360 0348
0362 0362 0348
0364 0364 0348
0366 0366 0350
0368 0368 0352
0370 0370 0354
0372 0372 0356
0374 0374 0358
0376 0376 0360
0378 0378 0362
0380 0380 0364
0382 0382 0366
0384 0384 0368
0386 0386 0370
0388 0388 0372
0390 0390 0374
0392 0392 0376
0394 0394 0378
0396 0396 0380
0398 0398 0382
0400 0400 0384
0402 0402 0386
0404 0404 0388
0406 0406 0390
0408 0408 0392
0410 0410 0394
0412 0412 0396
0414 0414 0398
0416 0416 0400
0418 0418 0402
0420 0420 0404
0422 0422 0406
0424 0424 0408
0426 0426 0410
0428 0428 0412
0430 0430 0414
0432 0432 0416
0434 0434 0418
0436 0436 0420
0438 0438 0422
0440 0440 0424
0442 0442 0426
0444 0444 0428
0446 0446 0430
0448 0448 0432
0450 0450 0434
0452 0452 0436
0454 0454 0438
0456 0456 0440
0458 0458 0442
0460 0460 0444
0462 0462 0446
0464 0464 0448
0466 0466 0448
0468 0468 0448
0470 0470 0450
0472 0472 0452
0474 0474 0454
0476 0476 0456
0478 0478 0458
0480 0480 0460
0482 0482 0462
0484 0484 0464
0486 0486 0466
0488 0488 0468
0490 0490 0470
0492 0492 0472
0494 0494 0474
0496 0496 0476
0498 0498 0478
0500 0500 0480
0502 0502 0482
0504 0504 0484
0506 0506 0486
0508 0508 0488
0510 0510 0490
0512 0512 0492
0514 0514 0494
0516 0516 0496
0518 0518 0498
0520 0520 0500
0522 0522 0502
0524 0524 0504
0526 0526 0506
0528 0528 0508
0530 0530 0510
0532 0532 0512
0534 0534 0514
0536 0536 0516
0538 0538 0518
0540 0540 0520
0542 0542 0522
0544 0544 0524
0546 0546 0526
0548 0548 0528
0550 0550 0530
0552 0552 0532
0554 0554 0534
0556 0556 0536
0558 0558 0538
0560 0560 0540
0562 0562 0542
0564 0564 0544
0566 0566 0546
0568 0568 0548
0570 0570 0548
0572 0572 0548
0574 0574 0550
0576 0576 0552
0578 0578 0554
0580 0580 0556
0582 0582 0558
0584 0584 0560
0586 0586 0562
0588 0588 0564
0590 0590 0566
0592 0592 0568
0594 0594 0570
0596 0596 0572
0598 0598 0574
0600 0600 0576
0602 0602 0578
0604 0604 0580
0606 0606 0582
0608 0608 0584
0610 0610 0586
0612 0612 0588
0614 0614 0590
0616 0616 0592
0618 0618 0594
0620 0620 0596
0622 0622 0598
0624 0624 0600
0626 0626 0602
0628 0628 0604
0630 0630 0606
0632 0632 0608
0634 0634 0610
0636 0636 0612
0638 0638 0614
0640 0640 0616
0642 0642 0618
0644 0644 0620
0646 0646 0622
0648 0648 0624
0650 0650 0626
0652 0652 0628
0654 0654 0630
0656 0656 0632
0658 0658 0634
0660 0660 0636
0662 0662 0638
0664 0664 0640
0666 0666 0642
0668 0668 0644
0670 0670 0646
0672 0672 0648
0674 0674 0648
0676 0676 0648
0678 0678 0650
0680 0680 0652
0682 0682 0654
0684 0684 0656
0686 0686 0658
0688 0688 0660
0690 0690 0662
0692 0692 0664
0694 0694 0666
0696 0696 0668
0698 0698 0670
0700 0700 0672
0702 0702 0674
0704 0704 0676
0706 0706 0678
0708 0708 0680
0710 0710 0682
0712 0712 0684
0714 0714 0686
0716 0716 0688
0718 0718 0690
0720 0720 0692
0722 0722 0694
0724 0724 0696
0726 0726 0698
0728 0728 0700
0730 0730 0702
0732 0732 0704
0734 0734 0706
0736 0736 0708
0738 0738 0710
0740 0740 0712
0742 0742 0714
0744 0744 0716
0746 0746 0718
0748 0748 0720
0750 0750 0722
0752 0752 0724
0754 0754 0726
0756 0756 0728
0758 0758 0730
0760 0760 0732
0762 0762 0734
0764 0764 0736
0766 0766 0738
0768 0768 0740
0770 0770 0742
0772 0772 0744
0774 0774 0746
0776 0776 0748
0778 0778 0748
0780 0780 0748
0782 0782 0750
0784 0784 0752
0786 0786 0754
0788 0788 0756
0790 0790 0758
0792 0792 0760
0794 0794 0762
0796 0796 0764
0798 0798 0766
0800 0800 0768
0802 0802 0770
0804 0804 0772
0806 0806 0774
0808 0808 0776
0810 0810 0778
0812 0812 0780
0814 0814 0782
0816 0816 0784
0818 0818 0786
0820 0820 0788
0822 0822 0790
0824 0824 0792
0826 0826 0794
0828 0828 0796
0830 0830 0798
0832 0832 0800
0834 0834 0802
0836 0836 0804
0838 0838 0806
0840 0840 0808
0842 0842 0810
0844 0844 0812
0846 0846 0814
0848 0848 0816
0850 0850 0818
0852 0852 0820
0854 0854 0822
0856 0856 0824
0858 0858 0826
0860 0860 0828
0862 0862 0830
0864 0864 0832
0866 0866 0834
0868 0868 0836
0870 0870 0838
0872 0872 0840
0874 0874 0842
0876 0876 0844
0878 0878 0846
0880 0880 0848
0882 0882 0848
0884 0884 0848
0886 0886 0850
0888 0888 0852
0890 0890 0854
0892 0892 0856
0894 0894 0858
0896 0896 0860
0898 0898 0862
0900 0900 0864
0902 0902 0866
0904 0904 0868
0906 0906 0870
0908 0908 0872
0910 0910 0874
0912 0912 0876
0914 0914 0878
0916 0916 0880
0918 0918 0882
0920 0920 0884
0922 0922 0886
0924 0924 0888
0926 0926 0890
0928 0928 0892
0930 0930 0894
0932 0932 0896
0934 0934 0898
0936 0936 0900
0938 0938 0902
0940 0940 0904
0942 0942 0906
0944 0944 0908
0946 0946 0910
0948 0948 0912
0950 0950 0914
0952 0952 0916
0954 0954 0918
0956 0956 0920
0958 0958 0922
0960 0960 0924
0962 0962 0926
0964 0964 0928
0966 0966 0930
0968 0968 0932
0970 0970 0934
0972 0972 0936
0974 0974 0938
0976 0976 0940
0978 0978 0942
0980 0980 0944
0982 0982 0946
0984 0984 0948
0986 0986 0948
0988 0988 0948
0990 0990 0950
0992 0992 0952
0994 0994 0954
0996 0996 0956
0998 0998 0958
1000 1000 0960
1002 1002 0962
1004 1004 0964
1006 1006 0966
1008 1008 0968
1010 1010 0970
1012 1012 0972
1014 1014 0974
1016 1016 0976
1018 1018 0978
1020 1020 0980
1020 1020 0980
