0000 0000 0000
0002 0002 0002
0004 0004 0004
0006 0006 0006
0008 0008 0008
0010 0010 0010
0012 0012 0012
0014 0014 0014
0016 0016 0016
0018 0018 0018
0020 0020 0020
0022 0022 0022
0024 0024 0024
0026 0026 0026
0028 0028 0028
0030 0030 0028
0032 0032 0028
0034 0034 0030
0036 0036 0032
0038 0038 0034
0040 0040 0036
0042 0042 0038
0044 0044 0040
0046 0046 0042
0048 0048 0044
0050 0050 0046
0052 0052 0048
0054 0054 0050
0056 0056 0052
0058 0058 0054
0060 0060 0056
0062 0062 0058
0064 0064 0060
0066 0066 0062
0068 0068 0064
0070 0070 0066
0072 0072 0068
0074 0074 0070
0076 0076 0072
0078 0078 0074
0080 0080 0076
0082 0082 0078
0084 0084 0080
0086 0086 0082
0088 0088 0084
0090 0090 0084
0092 0092 0084
0094 0094 0086
0096 0096 0088
0098 0098 0090
0100 0100 0092
0102 0102 0094
0104 0104 0096
0106 0106 0098
0108 0108 0100
0110 0110 0102
0112 0112 0104
0114 0114 0106
0116 0116 0108
0118 0118 0110
0120 0120 0112
0122 0122 0114
0124 0124 0116
0126 0126 0118
0128 0128 0120
0130 0130 0122
0132 0132 0124
0134 0134 0126
0136 0136 0128
0138 0138 0130
0140 0140 0132
0142 0142 0134
0144 0144 0136
0146 0146 0138
0148 0148 0140
0150 0150 0140
0152 0152 0140
0154 0154 0142
0156 0156 0144
0158 0158 0146
0160 0160 0148
0162 0162 0150
0164 0164 0152
0166 0166 0154
0168 0168 0156
0170 0170 0158
0172 0172 0160
0174 0174 0162
0176 0176 0164
0178 0178 0166
0180 0180 0168
0182 0182 0170
0184 0184 0172
0186 0186 0174
0188 0188 0176
0190 0190 0178
0192 0192 0180
0194 0194 0182
0196 0196 0184
0198 0198 0186
0200 0200 0188
0202 0202 0190
0204 0204 0192
0206 0206 0192
0208 0208 0192
0210 0210 0194
0212 0212 0196
0214 0214 0198
0216 0216 0200
0218 0218 0202
0220 0220 0204
0222 0222 0206
0224 0224 0208
0226 0226 0210
0228 0228 0212
0230 0230 0214
0232 0232 0216
0234 0234 0218
0236 0236 0220
0238 0238 0222
0240 0240 0224
0242 0242 0226
0244 0244 0228
0246 0246 0230
0248 0248 0232
0250 0250 0234
0252 0252 0236
0254 0254 0238
0256 0256 0240
0258 0258 0242
0260 0260 0244
0262 0262 0246
0264 0264 0248
0266 0266 0248
0268 0268 0248
0270 0270 0250
0272 0272 0252
0274 0274 0254
0276 0276 0256
0278 0278 0258
0280 0280 0260
0282 0282 0262
0284 0284 0264
0286 0286 0266
0288 0288 0268
0290 0290 0270
0292 0292 0272
0294 0294 0274
0296 0296 0276
0298 0298 0278
0300 0300 0280
0302 0302 0282
0304 0304 0284
0306 0306 0286
0308 0308 0288
0310 0310 0290
0312 0312 0292
0314 0314 0294
0316 0316 0296
0318 0318 0298
0320 0320 0300
0322 0322 0302
0324 0324 0304
0326 0326 0304
0328 0328 0304
0330 0330 0306
0332 0332 0308
0334 0334 0310
0336 0336 0312
0338 0338 0314
0340 0340 0316
0342 0342 0318
0344 0344 0320
0346 0346 0322
0348 0348 0324
0350 0350 0326
0352 0352 0328
0354 0354 0330
0356 0356 0332
0358 0358 0334
0360 0360 0336
0362 0362 0338
0364 0364 0340
0366 0366 0342
0368 0368 0344
0370 0370 0346
0372 0372 0348
0374 0374 0350
0376 0376 0352
0378 0378 0354
0380 0380 0356
0382 0382 0358
0384 0384 0360
0386 0386 0360
0388 0388 0360
0390 0390 0362
0392 0392 0364
0394 0394 0366
0396 0396 0368
0398 0398 0370
0400 0400 0372
0402 0402 0374
0404 0404 0376
0406 0406 0378
0408 0408 0380
0410 0410 0382
0412 0412 0384
0414 0414 0386
0416 0416 0388
0418 0418 0390
0420 0420 0392
0422 0422 0394
0424 0424 0396
0426 0426 0398
0428 0428 0400
0430 0430 0402
0432 0432 0404
0434 0434 0406
0436 0436 0408
0438 0438 0410
0440 0440 0412
0442 0442 0414
0444 0444 0416
0446 0446 0416
0448 0448 0416
0450 0450 0418
0452 0452 0420
0454 0454 0422
0456 0456 0424
0458 0458 0426
0460 0460 0428
0462 0462 0430
0464 0464 0432
0466 0466 0434
0468 0468 0436
0470 0470 0438
0472 0472 0440
0474 0474 0442
0476 0476 0444
0478 0478 0446
0480 0480 0448
0482 0482 0450
0484 0484 0452
0486 0486 0454
0488 0488 0456
0490 0490 0458
0492 0492 0460
0494 0494 0462
0496 0496 0464
0498 0498 0466
0500 0500 0468
0502 0502 0468
0504 0504 0468
0506 0506 0470
0508 0508 0472
0510 0510 0474
0512 0512 0476
0514 0514 0478
0516 0516 0480
0518 0518 0482
0520 0520 0484
0522 0522 0486
0524 0524 0488
0526 0526 0490
0528 0528 0492
0530 0530 0494
0532 0532 0496
0534 0534 0498
0536 0536 0500
0538 0538 0502
0540 0540 0504
0542 0542 0506
0544 0544 0508
0546 0546 0510
0548 0548 0512
0550 0550 0514
0552 0552 0516
0554 0554 0518
0556 0556 0520
0558 0558 0522
0560 0560 0524
0562 0562 0524
0564 0564 0524
0566 0566 0526
0568 0568 0528
0570 0570 0530
0572 0572 0532
0574 0574 0534
0576 0576 0536
0578 0578 0538
0580 0580 0540
0582 0582 0542
0584 0584 0544
0586 0586 0546
0588 0588 0548
0590 0590 0550
0592 0592 0552
0594 0594 0554
0596 0596 0556
0598 0598 0558
0600 0600 0560
0602 0602 0562
0604 0604 0564
0606 0606 0566
0608 0608 0568
0610 0610 0570
0612 0612 0572
0614 0614 0574
0616 0616 0576
0618 0618 0578
0620 0620 0580
0622 0622 0580
0624 0624 0580
0626 0626 0582
0628 0628 0584
0630 0630 0586
0632 0632 0588
0634 0634 0590
0636 0636 0592
0638 0638 0594
0640 0640 0596
0642 0642 0598
0644 0644 0600
0646 0646 0602
0648 0648 0604
0650 0650 0606
0652 0652 0608
0654 0654 0610
0656 0656 0612
0658 0658 0614
0660 0660 0616
0662 0662 0618
0664 0664 0620
0666 0666 0622
0668 0668 0624
0670 0670 0626
0672 0672 0628
0674 0674 0630
0676 0676 0632
0678 0678 0634
0680 0680 0636
0682 0682 0636
0684 0684 0636
0686 0686 0638
0688 0688 0640
0690 0690 0642
0692 0692 0644
0694 0694 0646
0696 0696 0648
0698 0698 0650
0700 0700 0652
0702 0702 0654
0704 0704 0656
0706 0706 0658
0708 0708 0660
0710 0710 0662
0712 0712 0664
0714 0714 0666
0716 0716 0668
0718 0718 0670
0720 0720 0672
0722 0722 0674
0724 0724 0676
0726 0726 0678
0728 0728 0680
0730 0730 0682
0732 0732 0684
0734 0734 0686
0736 0736 0688
0738 0738 0690
0740 0740 0692
0742 0742 0692
0744 0744 0692
0746 0746 0694
0748 0748 0696
0750 0750 0698
0752 0752 0700
0754 0754 0702
0756 0756 0704
0758 0758 0706
0760 0760 0708
0762 0762 0710
0764 0764 0712
0766 0766 0714
0768 0768 0716
0770 0770 0718
0772 0772 0720
0774 0774 0722
0776 0776 0724
0778 0778 0726
0780 0780 0728
0782 0782 0730
0784 0784 0732
0786 0786 0734
0788 0788 0736
0790 0790 0738
0792 0792 0740
0794 0794 0742
0796 0796 0744
0798 0798 0744
0800 0800 0744
0802 0802 0746
0804 0804 0748
0806 0806 0750
0808 0808 0752
0810 0810 0754
0812 0812 0756
0814 0814 0758
0816 0816 0760
0818 0818 0762
0820 0820 0764
0822 0822 0766
0824 0824 0768
0826 0826 0770
0828 0828 0772
0830 0830 0774
0832 0832 0776
0834 0834 0778
0836 0836 0780
0838 0838 0782
0840 0840 0784
0842 0842 0786
0844 0844 0788
0846 0846 0790
0848 0848 0792
0850 0850 0794
0852 0852 0796
0854 0854 0798
0856 0856 0800
0858 0858 0800
0860 0860 0800
0862 0862 0802
0864 0864 0804
0866 0866 0806
0868 0868 0808
0870 0870 0810
0872 0872 0812
0874 0874 0814
0876 0876 0816
0878 0878 0818
0880 0880 0820
0882 0882 0822
0884 0884 0824
0886 0886 0826
0888 0888 0828
0890 0890 0830
0892 0892 0832
0894 0894 0834
0896 0896 0836
0898 0898 0838
0900 0900 0840
0902 0902 0842
0904 0904 0844
0906 0906 0846
0908 0908 0848
0910 0910 0850
0912 0912 0852
0914 0914 0854
0916 0916 0856
0918 0918 0856
0920 0920 0856
0922 0922 0858
0924 0924 0860
0926 0926 0862
0928 0928 0864
0930 0930 0866
0932 0932 0868
0934 0934 0870
0936 0936 0872
0938 0938 0874
0940 0940 0876
0942 0942 0878
0944 0944 0880
0946 0946 0882
0948 0948 0884
0950 0950 0886
0952 0952 0888
0954 0954 0890
0956 0956 0892
0958 0958 0894
0960 0960 0896
0962 0962 0898
0964 0964 0900
0966 0966 0902
0968 0968 0904
0970 0970 0906
0972 0972 0908
0974 0974 0910
0976 0976 0912
0978 0978 0912
0980 0980 0912
0982 0982 0914
0984 0984 0916
0986 0986 0918
0988 0988 0920
0990 0990 0922
0992 0992 0924
0994 0994 0926
0996 0996 0928
0998 0998 0930
1000 1000 0932
1002 1002 0934
1004 1004 0936
1006 1006 0938
1008 1008 0940
1010 1010 0942
1012 1012 0944
1014 1014 0946
1016 1016 0948
1018 1018 0950
1020 1020 0952
1020 1020 0952
