0000 0000 0000
0002 0002 0002
0004 0004 0004
0006 0006 0006
0008 0008 0008
0010 0010 0010
0012 0012 0012
0014 0014 0014
0016 0016 0016
0018 0018 0018
0020 0020 0020
0022 0022 0022
0024 0024 0024
0026 0026 0026
0028 0028 0028
0030 0030 0030
0032 0032 0032
0034 0034 0034
0036 0036 0036
0038 0038 0038
0040 0040 0040
0042 0042 0042
0044 0044 0044
0046 0046 0046
0048 0048 0048
0050 0050 0050
0052 0052 0052
0054 0054 0054
0056 0056 0056
0056 0058 0058
0056 0060 0060
0058 0062 0062
0060 0064 0064
0062 0066 0066
0064 0068 0068
0066 0070 0070
0068 0072 0072
0070 0074 0074
0072 0076 0076
0074 0078 0078
0076 0080 0080
0078 0082 0082
0080 0084 0084
0082 0086 0086
0084 0088 0088
0086 0090 0090
0088 0092 0092
0090 0094 0094
0092 0096 0096
0094 0098 0098
0096 0100 0100
0098 0102 0102
0100 0104 0104
0102 0106 0106
0104 0108 0108
0106 0110 0110
0108 0112 0112
0110 0114 0114
0112 0116 0116
0114 0118 0118
0116 0120 0120
0118 0122 0122
0120 0124 0124
0122 0126 0126
0124 0128 0128
0126 0130 0130
0128 0132 0132
0130 0134 0134
0132 0136 0136
0134 0138 0138
0136 0140 0140
0138 0142 0142
0140 0144 0144
0142 0146 0146
0144 0148 0148
0146 0150 0150
0148 0152 0152
0150 0154 0154
0152 0156 0156
0154 0158 0158
0156 0160 0160
0158 0162 0162
0160 0164 0164
0162 0166 0166
0164 0168 0168
0164 0170 0170
0164 0172 0172
0166 0174 0174
0168 0176 0176
0170 0178 0178
0172 0180 0180
0174 0182 0182
0176 0184 0184
0178 0186 0186
0180 0188 0188
0182 0190 0190
0184 0192 0192
0186 0194 0194
0188 0196 0196
0190 0198 0198
0192 0200 0200
0194 0200 0202
0196 0200 0204
0198 0202 0206
0200 0204 0208
0202 0206 0210
0204 0208 0212
0206 0210 0214
0208 0212 0216
0210 0214 0218
0212 0216 0220
0214 0218 0222
0216 0220 0224
0218 0222 0226
0220 0224 0228
0222 0226 0230
0224 0228 0232
0226 0230 0234
0228 0232 0236
0230 0234 0238
0232 0236 0240
0234 0238 0242
0236 0240 0244
0238 0242 0246
0240 0244 0248
0242 0246 0250
0244 0248 0252
0246 0250 0254
0248 0252 0256
0250 0254 0258
0252 0256 0260
0254 0258 0262
0256 0260 0264
0258 0262 0266
0260 0264 0268
0262 0266 0270
0264 0268 0272
0266 0270 0274
0268 0272 0276
0270 0274 0278
0272 0276 0280
0272 0278 0282
0272 0280 0284
0274 0282 0286
0276 0284 0288
0278 0286 0290
0280 0288 0292
0282 0290 0294
0284 0292 0296
0286 0294 0298
0288 0296 0300
0290 0298 0302
0292 0300 0304
0294 0302 0306
0296 0304 0308
0298 0306 0310
0300 0308 0312
0302 0310 0314
0304 0312 0316
0306 0314 0318
0308 0316 0320
0310 0318 0322
0312 0320 0324
0314 0322 0326
0316 0324 0328
0318 0326 0330
0320 0328 0332
0322 0330 0334
0324 0332 0336
0326 0334 0338
0328 0336 0340
0330 0338 0342
0332 0340 0344
0334 0342 0346
0336 0344 0348
0338 0346 0350
0340 0348 0352
0342 0350 0354
0344 0352 0356
0346 0354 0358
0348 0356 0360
0350 0358 0362
0352 0360 0364
0354 0362 0366
0356 0364 0368
0358 0366 0370
0360 0368 0372
0362 0370 0374
0364 0372 0376
0366 0374 0378
0368 0376 0380
0370 0378 0382
0372 0380 0384
0374 0382 0386
0376 0384 0388
0378 0386 0390
0380 0388 0392
0382 0390 0394
0384 0392 0396
0384 0394 0398
0384 0396 0400
0386 0398 0402
0388 0400 0404
0390 0402 0406
0392 0404 0408
0394 0406 0410
0396 0408 0412
0398 0410 0414
0400 0412 0416
0402 0414 0418
0404 0416 0420
0406 0418 0422
0408 0420 0424
0410 0422 0426
0412 0424 0428
0414 0426 0430
0416 0428 0432
0418 0430 0434
0420 0432 0436
0422 0434 0438
0424 0436 0440
0426 0438 0442
0428 0440 0444
0430 0442 0446
0432 0444 0448
0434 0446 0450
0436 0448 0452
0438 0450 0454
0440 0452 0456
0442 0454 0458
0444 0456 0460
0446 0458 0462
0448 0460 0464
0450 0462 0466
0452 0464 0468
0454 0466 0470
0456 0468 0472
0458 0470 0474
0460 0472 0476
0462 0474 0478
0464 0476 0480
0466 0478 0482
0468 0480 0484
0470 0482 0486
0472 0484 0488
0474 0486 0490
0476 0488 0492
0478 0490 0494
0480 0492 0496
0482 0494 0498
0484 0496 0500
0486 0498 0502
0488 0500 0504
0490 0502 0506
0492 0504 0508
0492 0506 0510
0492 0508 0512
0494 0510 0514
0496 0512 0516
0498 0514 0518
0500 0516 0520
0502 0518 0522
0504 0520 0524
0506 0522 0526
0508 0524 0528
0510 0526 0530
0512 0528 0532
0514 0530 0534
0516 0532 0536
0518 0534 0538
0520 0536 0540
0522 0538 0542
0524 0540 0544
0526 0542 0546
0528 0544 0548
0530 0546 0550
0532 0548 0552
0534 0550 0554
0536 0552 0556
0538 0554 0558
0540 0556 0560
0542 0558 0562
0544 0560 0564
0546 0562 0566
0548 0564 0568
0550 0566 0570
0552 0568 0572
0554 0570 0574
0556 0572 0576
0558 0574 0578
0560 0576 0580
0562 0578 0582
0564 0580 0584
0566 0582 0586
0568 0584 0588
0570 0586 0590
0572 0588 0592
0574 0590 0594
0576 0592 0596
0578 0594 0598
0580 0596 0600
0582 0596 0602
0584 0596 0604
0586 0598 0606
0588 0600 0608
0590 0602 0610
0592 0604 0612
0594 0606 0614
0596 0608 0616
0598 0610 0618
0600 0612 0620
0602 0614 0622
0604 0616 0624
0604 0618 0626
0604 0620 0628
0606 0622 0630
0608 0624 0632
0610 0626 0634
0612 0628 0636
0614 0630 0638
0616 0632 0640
0618 0634 0642
0620 0636 0644
0622 0638 0646
0624 0640 0648
0626 0642 0650
0628 0644 0652
0630 0646 0654
0632 0648 0656
0634 0650 0658
0636 0652 0660
0638 0654 0662
0640 0656 0664
0642 0658 0666
0644 0660 0668
0646 0662 0670
0648 0664 0672
0650 0666 0674
0652 0668 0676
0654 0670 0678
0656 0672 0680
0658 0674 0682
0660 0676 0684
0662 0678 0686
0664 0680 0688
0666 0682 0690
0668 0684 0692
0670 0686 0694
0672 0688 0696
0674 0690 0698
0676 0692 0700
0678 0694 0702
0680 0696 0704
0682 0698 0706
0684 0700 0708
0686 0702 0710
0688 0704 0712
0690 0706 0714
0692 0708 0716
0694 0710 0718
0696 0712 0720
0698 0714 0722
0700 0716 0724
0702 0718 0726
0704 0720 0728
0706 0722 0730
0708 0724 0732
0710 0726 0734
0712 0728 0736
0712 0730 0738
0712 0732 0740
0714 0734 0742
0716 0736 0744
0718 0738 0746
0720 0740 0748
0722 0742 0750
0724 0744 0752
0726 0746 0754
0728 0748 0756
0730 0750 0758
0732 0752 0760
0734 0754 0762
0736 0756 0764
0738 0758 0766
0740 0760 0768
0742 0762 0770
0744 0764 0772
0746 0766 0774
0748 0768 0776
0750 0770 0778
0752 0772 0780
0754 0774 0782
0756 0776 0784
0758 0778 0786
0760 0780 0788
0762 0782 0790
0764 0784 0792
0766 0786 0794
0768 0788 0796
0770 0790 0798
0772 0792 0800
0774 0794 0802
0776 0796 0804
0778 0798 0806
0780 0800 0808
0782 0802 0810
0784 0804 0812
0786 0806 0814
0788 0808 0816
0790 0810 0818
0792 0812 0820
0794 0814 0822
0796 0816 0824
0798 0818 0826
0800 0820 0828
0802 0822 0830
0804 0824 0832
0806 0826 0834
0808 0828 0836
0810 0830 0838
0812 0832 0840
0814 0834 0842
0816 0836 0844
0818 0838 0846
0820 0840 0848
0820 0842 0850
0820 0844 0852
0822 0846 0854
0824 0848 0856
0826 0850 0858
0828 0852 0860
0830 0854 0862
0832 0856 0864
0834 0858 0866
0836 0860 0868
0838 0862 0870
0840 0864 0872
0842 0866 0874
0844 0868 0876
0846 0870 0878
0848 0872 0880
0850 0874 0882
0852 0876 0884
0854 0878 0886
0856 0880 0888
0858 0882 0890
0860 0884 0892
0862 0886 0894
0864 0888 0896
0866 0890 0898
0868 0892 0900
0870 0894 0902
0872 0896 0904
0874 0898 0906
0876 0900 0908
0878 0902 0910
0880 0904 0912
0882 0906 0914
0884 0908 0916
0886 0910 0918
0888 0912 0920
0890 0914 0922
0892 0916 0924
0894 0918 0926
0896 0920 0928
0898 0922 0930
0900 0924 0932
0902 0926 0934
0904 0928 0936
0906 0930 0938
0908 0932 0940
0910 0934 0942
0912 0936 0944
0914 0938 0946
0916 0940 0948
0918 0942 0950
0920 0944 0952
0922 0946 0954
0924 0948 0956
0926 0950 0958
0928 0952 0960
0930 0954 0962
0932 0956 0964
0932 0958 0966
0932 0960 0968
0934 0962 0970
0936 0964 0972
0938 0966 0974
0940 0968 0976
0942 0970 0978
0944 0972 0980
0946 0974 0982
0948 0976 0984
0950 0978 0986
0952 0980 0988
0954 0982 0990
0956 0984 0992
0958 0986 0994
0960 0988 0996
0962 0990 0998
0964 0992 1000
0966 0992 1002
0968 0992 1004
0970 0994 1006
0972 0996 1008
0974 0998 1010
0976 1000 1012
0978 1002 1014
0980 1004 1016
0982 1006 1018
0984 1008 1020
0984 1008 1020
