0000 0000 0000
0002 0002 0002
0004 0004 0004
0006 0006 0006
0008 0008 0008
0010 0010 0010
0012 0012 0012
0014 0014 0014
0016 0016 0016
0018 0018 0018
0020 0020 0020
0020 0022 0022
0020 0024 0024
0022 0026 0026
0024 0028 0028
0026 0030 0030
0028 0032 0032
0030 0034 0034
0032 0036 0036
0034 0038 0038
0036 0040 0040
0038 0042 0042
0040 0044 0044
0042 0046 0046
0044 0048 0048
0046 0050 0050
0048 0052 0052
0050 0054 0054
0052 0056 0056
0054 0058 0058
0056 0060 0060
0058 0062 0062
0060 0064 0064
0062 0066 0066
0064 0068 0068
0064 0070 0070
0064 0072 0072
0066 0074 0074
0068 0076 0076
0070 0078 0078
0072 0080 0080
0074 0080 0082
0076 0080 0084
0078 0082 0086
0080 0084 0088
0082 0086 0090
0084 0088 0092
0086 0090 0094
0088 0092 0096
0090 0094 0098
0092 0096 0100
0094 0098 0102
0096 0100 0104
0098 0102 0106
0100 0104 0108
0102 0106 0110
0104 0108 0112
0104 0110 0114
0104 0112 0116
0106 0114 0118
0108 0116 0120
0110 0118 0122
0112 0120 0124
0114 0122 0126
0116 0124 0128
0118 0126 0130
0120 0128 0132
0122 0130 0134
0124 0132 0136
0126 0134 0138
0128 0136 0140
0130 0138 0142
0132 0140 0144
0134 0142 0146
0136 0144 0148
0138 0146 0150
0140 0148 0152
0142 0150 0154
0144 0152 0156
0144 0154 0158
0144 0156 0160
0146 0158 0162
0148 0160 0164
0150 0162 0166
0152 0164 0168
0154 0166 0170
0156 0168 0172
0158 0170 0174
0160 0172 0176
0162 0174 0178
0164 0176 0180
0166 0178 0182
0168 0180 0184
0170 0182 0186
0172 0184 0188
0174 0186 0190
0176 0188 0192
0178 0190 0194
0180 0192 0196
0182 0194 0198
0184 0196 0200
0186 0198 0202
0188 0200 0204
0188 0202 0206
0188 0204 0208
0190 0206 0210
0192 0208 0212
0194 0210 0214
0196 0212 0216
0198 0214 0218
0200 0216 0220
0202 0218 0222
0204 0220 0224
0206 0222 0226
0208 0224 0228
0210 0226 0230
0212 0228 0232
0214 0230 0234
0216 0232 0236
0218 0234 0238
0220 0236 0240
0222 0236 0242
0224 0236 0244
0226 0238 0246
0228 0240 0248
0228 0242 0250
0228 0244 0252
0230 0246 0254
0232 0248 0256
0234 0250 0258
0236 0252 0260
0238 0254 0262
0240 0256 0264
0242 0258 0266
0244 0260 0268
0246 0262 0270
0248 0264 0272
0250 0266 0274
0252 0268 0276
0254 0270 0278
0256 0272 0280
0258 0274 0282
0260 0276 0284
0262 0278 0286
0264 0280 0288
0266 0282 0290
0268 0284 0292
0268 0286 0294
0268 0288 0296
0270 0290 0298
0272 0292 0300
0274 0294 0302
0276 0296 0304
0278 0298 0306
0280 0300 0308
0282 0302 0310
0284 0304 0312
0286 0306 0314
0288 0308 0316
0290 0310 0318
0292 0312 0320
0294 0314 0322
0296 0316 0324
0298 0318 0326
0300 0320 0328
0302 0322 0330
0304 0324 0332
0306 0326 0334
0308 0328 0336
0310 0330 0338
0312 0332 0340
0312 0334 0342
0312 0336 0344
0314 0338 0346
0316 0340 0348
0318 0342 0350
0320 0344 0352
0322 0346 0354
0324 0348 0356
0326 0350 0358
0328 0352 0360
0330 0354 0362
0332 0356 0364
0334 0358 0366
0336 0360 0368
0338 0362 0370
0340 0364 0372
0342 0366 0374
0344 0368 0376
0346 0370 0378
0348 0372 0380
0350 0374 0382
0352 0376 0384
0352 0378 0386
0352 0380 0388
0354 0382 0390
0356 0384 0392
0358 0386 0394
0360 0388 0396
0362 0390 0398
0364 0392 0400
0366 0392 0402
0368 0392 0404
0370 0394 0406
0372 0396 0408
0374 0398 0410
0376 0400 0412
0378 0402 0414
0380 0404 0416
0382 0406 0418
0384 0408 0420
0386 0410 0422
0388 0412 0424
0390 0414 0426
0392 0416 0428
0392 0418 0430
0392 0420 0432
0394 0422 0434
0396 0424 0436
0398 0426 0438
0400 0428 0440
0402 0430 0442
0404 0432 0444
0406 0434 0446
0408 0436 0448
0410 0438 0450
0412 0440 0452
0414 0442 0454
0416 0444 0456
0418 0446 0458
0420 0448 0460
0422 0450 0462
0424 0452 0464
0426 0454 0466
0428 0456 0468
0430 0458 0470
0432 0460 0472
0434 0462 0474
0436 0464 0476
0436 0466 0478
0436 0468 0480
0438 0470 0482
0440 0472 0484
0442 0474 0486
0444 0476 0488
0446 0478 0490
0448 0480 0492
0450 0482 0494
0452 0484 0496
0454 0486 0498
0456 0488 0500
0458 0490 0502
0460 0492 0504
0462 0494 0506
0464 0496 0508
0466 0498 0510
0468 0500 0512
0470 0502 0514
0472 0504 0516
0474 0506 0518
0476 0508 0520
0476 0510 0522
0476 0512 0524
0478 0514 0526
0480 0516 0528
0482 0518 0530
0484 0520 0532
0486 0522 0534
0488 0524 0536
0490 0526 0538
0492 0528 0540
0494 0530 0542
0496 0532 0544
0498 0534 0546
0500 0536 0548
0502 0538 0550
0504 0540 0552
0506 0542 0554
0508 0544 0556
0510 0546 0558
0512 0548 0560
0514 0548 0562
0516 0548 0564
0516 0550 0566
0516 0552 0568
0518 0554 0570
0520 0556 0572
0522 0558 0574
0524 0560 0576
0526 0562 0578
0528 0564 0580
0530 0566 0582
0532 0568 0584
0534 0570 0586
0536 0572 0588
0538 0574 0590
0540 0576 0592
0542 0578 0594
0544 0580 0596
0546 0582 0598
0548 0584 0600
0550 0586 0602
0552 0588 0604
0554 0590 0606
0556 0592 0608
0558 0594 0610
0560 0596 0612
0560 0598 0614
0560 0600 0616
0562 0602 0618
0564 0604 0620
0566 0606 0622
0568 0608 0624
0570 0610 0626
0572 0612 0628
0574 0614 0630
0576 0616 0632
0578 0618 0634
0580 0620 0636
0582 0622 0638
0584 0624 0640
0586 0626 0642
0588 0628 0644
0590 0630 0646
0592 0632 0648
0594 0634 0650
0596 0636 0652
0598 0638 0654
0600 0640 0656
0600 0642 0658
0600 0644 0660
0602 0646 0662
0604 0648 0664
0606 0650 0666
0608 0652 0668
0610 0654 0670
0612 0656 0672
0614 0658 0674
0616 0660 0676
0618 0662 0678
0620 0664 0680
0622 0666 0682
0624 0668 0684
0626 0670 0686
0628 0672 0688
0630 0674 0690
0632 0676 0692
0634 0678 0694
0636 0680 0696
0638 0682 0698
0640 0684 0700
0640 0686 0702
0640 0688 0704
0642 0690 0706
0644 0692 0708
0646 0694 0710
0648 0696 0712
0650 0698 0714
0652 0700 0716
0654 0702 0718
0656 0704 0720
0658 0704 0722
0660 0704 0724
0662 0706 0726
0664 0708 0728
0666 0710 0730
0668 0712 0732
0670 0714 0734
0672 0716 0736
0674 0718 0738
0676 0720 0740
0678 0722 0742
0680 0724 0744
0682 0726 0746
0684 0728 0748
0684 0730 0750
0684 0732 0752
0686 0734 0754
0688 0736 0756
0690 0738 0758
0692 0740 0760
0694 0742 0762
0696 0744 0764
0698 0746 0766
0700 0748 0768
0702 0750 0770
0704 0752 0772
0706 0754 0774
0708 0756 0776
0710 0758 0778
0712 0760 0780
0714 0762 0782
0716 0764 0784
0718 0766 0786
0720 0768 0788
0722 0770 0790
0724 0772 0792
0724 0774 0794
0724 0776 0796
0726 0778 0798
0728 0780 0800
0730 0782 0802
0732 0784 0804
0734 0786 0806
0736 0788 0808
0738 0790 0810
0740 0792 0812
0742 0794 0814
0744 0796 0816
0746 0798 0818
0748 0800 0820
0750 0802 0822
0752 0804 0824
0754 0806 0826
0756 0808 0828
0758 0810 0830
0760 0812 0832
0762 0814 0834
0764 0816 0836
0766 0818 0838
0768 0820 0840
0768 0822 0842
0768 0824 0844
0770 0826 0846
0772 0828 0848
0774 0830 0850
0776 0832 0852
0778 0834 0854
0780 0836 0856
0782 0838 0858
0784 0840 0860
0786 0842 0862
0788 0844 0864
0790 0846 0866
0792 0848 0868
0794 0850 0870
0796 0852 0872
0798 0854 0874
0800 0856 0876
0802 0858 0878
0804 0860 0880
0806 0860 0882
0808 0860 0884
0808 0862 0886
0808 0864 0888
0810 0866 0890
0812 0868 0892
0814 0870 0894
0816 0872 0896
0818 0874 0898
0820 0876 0900
0822 0878 0902
0824 0880 0904
0826 0882 0906
0828 0884 0908
0830 0886 0910
0832 0888 0912
0834 0890 0914
0836 0892 0916
0838 0894 0918
0840 0896 0920
0842 0898 0922
0844 0900 0924
0846 0902 0926
0848 0904 0928
0848 0906 0930
0848 0908 0932
0850 0910 0934
0852 0912 0936
0854 0914 0938
0856 0916 0940
0858 0918 0942
0860 0920 0944
0862 0922 0946
0864 0924 0948
0866 0926 0950
0868 0928 0952
0870 0930 0954
0872 0932 0956
0874 0934 0958
0876 0936 0960
0878 0938 0962
0880 0940 0964
0882 0942 0966
0884 0944 0968
0886 0946 0970
0888 0948 0972
0890 0950 0974
0892 0952 0976
0892 0954 0978
0892 0956 0980
0894 0958 0982
0896 0960 0984
0898 0962 0986
0900 0964 0988
0902 0966 0990
0904 0968 0992
0906 0970 0994
0908 0972 0996
0910 0974 0998
0912 0976 1000
0914 0978 1002
0916 0980 1004
0918 0982 1006
0920 0984 1008
0922 0986 1010
0924 0988 1012
0926 0990 1014
0928 0992 1016
0930 0994 1018
0932 0996 1020
0932 0996 1020
