0000 0000 0000
0002 0002 0002
0004 0004 0004
0006 0006 0006
0008 0008 0008
0010 0010 0010
0012 0012 0012
0014 0014 0014
0016 0016 0016
0018 0018 0018
0020 0020 0020
0022 0022 0022
0024 0024 0024
0026 0026 0026
0028 0028 0028
0030 0030 0030
0032 0032 0032
0034 0034 0034
0036 0036 0036
0036 0038 0038
0036 0040 0040
0038 0042 0042
0040 0044 0044
0042 0046 0046
0044 0048 0048
0046 0050 0050
0048 0052 0052
0050 0054 0054
0052 0056 0056
0054 0058 0058
0056 0060 0060
0058 0062 0062
0060 0064 0064
0062 0066 0066
0064 0068 0068
0066 0070 0070
0068 0072 0072
0070 0074 0074
0072 0076 0076
0074 0078 0078
0076 0080 0080
0078 0082 0082
0080 0084 0084
0082 0086 0086
0084 0088 0088
0086 0090 0090
0088 0092 0092
0090 0094 0094
0092 0096 0096
0094 0098 0098
0096 0100 0100
0098 0102 0102
0100 0104 0104
0102 0106 0106
0104 0108 0108
0106 0110 0110
0108 0112 0112
0108 0114 0114
0108 0116 0116
0110 0118 0118
0112 0120 0120
0114 0122 0122
0116 0124 0124
0118 0126 0126
0120 0128 0128
0122 0130 0130
0124 0132 0132
0126 0132 0134
0128 0132 0136
0130 0134 0138
0132 0136 0140
0134 0138 0142
0136 0140 0144
0138 0142 0146
0140 0144 0148
0142 0146 0150
0144 0148 0152
0146 0150 0154
0148 0152 0156
0150 0154 0158
0152 0156 0160
0154 0158 0162
0156 0160 0164
0158 0162 0166
0160 0164 0168
0162 0166 0170
0164 0168 0172
0166 0170 0174
0168 0172 0176
0170 0174 0178
0172 0176 0180
0174 0178 0182
0176 0180 0184
0178 0182 0186
0180 0184 0188
0180 0186 0190
0180 0188 0192
0182 0190 0194
0184 0192 0196
0186 0194 0198
0188 0196 0200
0190 0198 0202
0192 0200 0204
0194 0202 0206
0196 0204 0208
0198 0206 0210
0200 0208 0212
0202 0210 0214
0204 0212 0216
0206 0214 0218
0208 0216 0220
0210 0218 0222
0212 0220 0224
0214 0222 0226
0216 0224 0228
0218 0226 0230
0220 0228 0232
0222 0230 0234
0224 0232 0236
0226 0234 0238
0228 0236 0240
0230 0238 0242
0232 0240 0244
0234 0242 0246
0236 0244 0248
0238 0246 0250
0240 0248 0252
0242 0250 0254
0244 0252 0256
0246 0254 0258
0248 0256 0260
0250 0258 0262
0252 0260 0264
0252 0262 0266
0252 0264 0268
0254 0266 0270
0256 0268 0272
0258 0270 0274
0260 0272 0276
0262 0274 0278
0264 0276 0280
0266 0278 0282
0268 0280 0284
0270 0282 0286
0272 0284 0288
0274 0286 0290
0276 0288 0292
0278 0290 0294
0280 0292 0296
0282 0294 0298
0284 0296 0300
0286 0298 0302
0288 0300 0304
0290 0302 0306
0292 0304 0308
0294 0306 0310
0296 0308 0312
0298 0310 0314
0300 0312 0316
0302 0314 0318
0304 0316 0320
0306 0318 0322
0308 0320 0324
0310 0322 0326
0312 0324 0328
0314 0326 0330
0316 0328 0332
0318 0330 0334
0320 0332 0336
0322 0334 0338
0324 0336 0340
0324 0338 0342
0324 0340 0344
0326 0342 0346
0328 0344 0348
0330 0346 0350
0332 0348 0352
0334 0350 0354
0336 0352 0356
0338 0354 0358
0340 0356 0360
0342 0358 0362
0344 0360 0364
0346 0362 0366
0348 0364 0368
0350 0366 0370
0352 0368 0372
0354 0370 0374
0356 0372 0376
0358 0374 0378
0360 0376 0380
0362 0378 0382
0364 0380 0384
0366 0382 0386
0368 0384 0388
0370 0386 0390
0372 0388 0392
0374 0390 0394
0376 0392 0396
0378 0394 0398
0380 0396 0400
0382 0396 0402
0384 0396 0404
0386 0398 0406
0388 0400 0408
0390 0402 0410
0392 0404 0412
0394 0406 0414
0396 0408 0416
0396 0410 0418
0396 0412 0420
0398 0414 0422
0400 0416 0424
0402 0418 0426
0404 0420 0428
0406 0422 0430
0408 0424 0432
0410 0426 0434
0412 0428 0436
0414 0430 0438
0416 0432 0440
0418 0434 0442
0420 0436 0444
0422 0438 0446
0424 0440 0448
0426 0442 0450
0428 0444 0452
0430 0446 0454
0432 0448 0456
0434 0450 0458
0436 0452 0460
0438 0454 0462
0440 0456 0464
0442 0458 0466
0444 0460 0468
0446 0462 0470
0448 0464 0472
0450 0466 0474
0452 0468 0476
0454 0470 0478
0456 0472 0480
0458 0474 0482
0460 0476 0484
0462 0478 0486
0464 0480 0488
0464 0482 0490
0464 0484 0492
0466 0486 0494
0468 0488 0496
0470 0490 0498
0472 0492 0500
0474 0494 0502
0476 0496 0504
0478 0498 0506
0480 0500 0508
0482 0502 0510
0484 0504 0512
0486 0506 0514
0488 0508 0516
0490 0510 0518
0492 0512 0520
0494 0514 0522
0496 0516 0524
0498 0518 0526
0500 0520 0528
0502 0522 0530
0504 0524 0532
0506 0526 0534
0508 0528 0536
0510 0530 0538
0512 0532 0540
0514 0534 0542
0516 0536 0544
0518 0538 0546
0520 0540 0548
0522 0542 0550
0524 0544 0552
0526 0546 0554
0528 0548 0556
0530 0550 0558
0532 0552 0560
0534 0554 0562
0536 0556 0564
0536 0558 0566
0536 0560 0568
0538 0562 0570
0540 0564 0572
0542 0566 0574
0544 0568 0576
0546 0570 0578
0548 0572 0580
0550 0574 0582
0552 0576 0584
0554 0578 0586
0556 0580 0588
0558 0582 0590
0560 0584 0592
0562 0586 0594
0564 0588 0596
0566 0590 0598
0568 0592 0600
0570 0594 0602
0572 0596 0604
0574 0598 0606
0576 0600 0608
0578 0602 0610
0580 0604 0612
0582 0606 0614
0584 0608 0616
0586 0610 0618
0588 0612 0620
0590 0614 0622
0592 0616 0624
0594 0618 0626
0596 0620 0628
0598 0622 0630
0600 0624 0632
0602 0626 0634
0604 0628 0636
0606 0630 0638
0608 0632 0640
0608 0634 0642
0608 0636 0644
0610 0638 0646
0612 0640 0648
0614 0642 0650
0616 0644 0652
0618 0646 0654
0620 0648 0656
0622 0650 0658
0624 0652 0660
0626 0654 0662
0628 0656 0664
0630 0658 0666
0632 0660 0668
0634 0660 0670
0636 0660 0672
0638 0662 0674
0640 0664 0676
0642 0666 0678
0644 0668 0680
0646 0670 0682
0648 0672 0684
0650 0674 0686
0652 0676 0688
0654 0678 0690
0656 0680 0692
0658 0682 0694
0660 0684 0696
0662 0686 0698
0664 0688 0700
0666 0690 0702
0668 0692 0704
0670 0694 0706
0672 0696 0708
0674 0698 0710
0676 0700 0712
0678 0702 0714
0680 0704 0716
0680 0706 0718
0680 0708 0720
0682 0710 0722
0684 0712 0724
0686 0714 0726
0688 0716 0728
0690 0718 0730
0692 0720 0732
0694 0722 0734
0696 0724 0736
0698 0726 0738
0700 0728 0740
0702 0730 0742
0704 0732 0744
0706 0734 0746
0708 0736 0748
0710 0738 0750
0712 0740 0752
0714 0742 0754
0716 0744 0756
0718 0746 0758
0720 0748 0760
0722 0750 0762
0724 0752 0764
0726 0754 0766
0728 0756 0768
0730 0758 0770
0732 0760 0772
0734 0762 0774
0736 0764 0776
0738 0766 0778
0740 0768 0780
0742 0770 0782
0744 0772 0784
0746 0774 0786
0748 0776 0788
0750 0778 0790
0752 0780 0792
0752 0782 0794
0752 0784 0796
0754 0786 0798
0756 0788 0800
0758 0790 0802
0760 0792 0804
0762 0794 0806
0764 0796 0808
0766 0798 0810
0768 0800 0812
0770 0802 0814
0772 0804 0816
0774 0806 0818
0776 0808 0820
0778 0810 0822
0780 0812 0824
0782 0814 0826
0784 0816 0828
0786 0818 0830
0788 0820 0832
0790 0822 0834
0792 0824 0836
0794 0826 0838
0796 0828 0840
0798 0830 0842
0800 0832 0844
0802 0834 0846
0804 0836 0848
0806 0838 0850
0808 0840 0852
0810 0842 0854
0812 0844 0856
0814 0846 0858
0816 0848 0860
0818 0850 0862
0820 0852 0864
0822 0854 0866
0824 0856 0868
0824 0858 0870
0824 0860 0872
0826 0862 0874
0828 0864 0876
0830 0866 0878
0832 0868 0880
0834 0870 0882
0836 0872 0884
0838 0874 0886
0840 0876 0888
0842 0878 0890
0844 0880 0892
0846 0882 0894
0848 0884 0896
0850 0886 0898
0852 0888 0900
0854 0890 0902
0856 0892 0904
0858 0894 0906
0860 0896 0908
0862 0898 0910
0864 0900 0912
0866 0902 0914
0868 0904 0916
0870 0906 0918
0872 0908 0920
0874 0910 0922
0876 0912 0924
0878 0914 0926
0880 0916 0928
0882 0918 0930
0884 0920 0932
0886 0922 0934
0888 0924 0936
0890 0924 0938
0892 0924 0940
0894 0926 0942
0896 0928 0944
0896 0930 0946
0896 0932 0948
0898 0934 0950
0900 0936 0952
0902 0938 0954
0904 0940 0956
0906 0942 0958
0908 0944 0960
0910 0946 0962
0912 0948 0964
0914 0950 0966
0916 0952 0968
0918 0954 0970
0920 0956 0972
0922 0958 0974
0924 0960 0976
0926 0962 0978
0928 0964 0980
0930 0966 0982
0932 0968 0984
0934 0970 0986
0936 0972 0988
0938 0974 0990
0940 0976 0992
0942 0978 0994
0944 0980 0996
0946 0982 0998
0948 0984 1000
0950 0986 1002
0952 0988 1004
0954 0990 1006
0956 0992 1008
0958 0994 1010
0960 0996 1012
0962 0998 1014
0964 1000 1016
0966 1002 1018
0968 1004 1020
0968 1004 1020
