0000 0000 0000
0002 0002 0002
0004 0004 0004
0006 0006 0006
0008 0008 0008
0010 0010 0010
0012 0012 0012
0014 0014 0012
0016 0016 0012
0018 0018 0014
0020 0020 0016
0022 0022 0018
0024 0024 0020
0026 0026 0022
0028 0028 0024
0030 0030 0026
0032 0032 0028
0034 0034 0030
0036 0036 0032
0038 0038 0034
0040 0040 0036
0042 0042 0038
0044 0044 0040
0046 0046 0040
0048 0048 0040
0050 0050 0042
0052 0052 0044
0054 0054 0046
0056 0056 0048
0058 0058 0050
0060 0060 0052
0062 0062 0054
0064 0064 0056
0066 0066 0058
0068 0068 0060
0070 0070 0062
0072 0072 0064
0074 0074 0064
0076 0076 0064
0078 0078 0066
0080 0080 0068
0082 0082 0070
0084 0084 0072
0086 0086 0074
0088 0088 0076
0090 0090 0078
0092 0092 0080
0094 0094 0082
0096 0096 0084
0098 0098 0086
0100 0100 0088
0102 0102 0090
0104 0104 0092
0106 0106 0092
0108 0108 0092
0108 0110 0094
0108 0112 0096
0110 0114 0098
0112 0116 0100
0114 0118 0102
0116 0120 0104
0118 0122 0106
0120 0124 0108
0122 0126 0110
0124 0128 0112
0126 0130 0114
0128 0132 0116
0130 0134 0118
0132 0136 0120
0134 0138 0120
0136 0140 0120
0138 0142 0122
0140 0144 0124
0142 0146 0126
0144 0148 0128
0146 0150 0130
0148 0152 0132
0150 0154 0134
0152 0156 0136
0154 0158 0138
0156 0160 0140
0158 0162 0142
0160 0164 0144
0162 0166 0144
0164 0168 0144
0166 0170 0146
0168 0172 0148
0170 0174 0150
0172 0176 0152
0174 0178 0154
0176 0180 0156
0178 0182 0158
0180 0184 0160
0182 0186 0162
0184 0188 0164
0186 0190 0166
0188 0192 0168
0190 0194 0170
0192 0196 0172
0194 0198 0172
0196 0200 0172
0198 0202 0174
0200 0204 0176
0202 0206 0178
0204 0208 0180
0206 0210 0182
0208 0212 0184
0210 0214 0186
0212 0216 0188
0214 0218 0190
0216 0220 0192
0218 0222 0194
0220 0224 0196
0222 0226 0196
0224 0228 0196
0226 0230 0198
0228 0232 0200
0230 0234 0202
0232 0236 0204
0234 0238 0206
0236 0240 0208
0238 0242 0210
0240 0244 0212
0242 0246 0214
0244 0248 0216
0246 0250 0218
0248 0252 0220
0250 0254 0222
0252 0256 0224
0254 0258 0224
0256 0260 0224
0258 0262 0226
0260 0264 0228
0262 0266 0230
0264 0268 0232
0266 0270 0234
0268 0272 0236
0270 0274 0238
0272 0276 0240
0274 0278 0242
0276 0280 0244
0278 0282 0246
0280 0284 0248
0282 0286 0248
0284 0288 0248
0286 0290 0250
0288 0292 0252
0290 0294 0254
0292 0296 0256
0294 0298 0258
0296 0300 0260
0298 0302 0262
0300 0304 0264
0302 0306 0266
0304 0308 0268
0306 0310 0270
0308 0312 0272
0310 0314 0274
0312 0316 0276
0314 0318 0276
0316 0320 0276
0318 0322 0278
0320 0324 0280
0322 0326 0282
0324 0328 0284
0324 0330 0286
0324 0332 0288
0326 0334 0290
0328 0336 0292
0330 0338 0294
0332 0340 0296
0334 0342 0298
0336 0344 0300
0338 0346 0302
0340 0348 0304
0342 0350 0304
0344 0352 0304
0346 0354 0306
0348 0356 0308
0350 0358 0310
0352 0360 0312
0354 0362 0314
0356 0364 0316
0358 0366 0318
0360 0368 0320
0362 0370 0322
0364 0372 0324
0366 0374 0326
0368 0376 0328
0370 0378 0328
0372 0380 0328
0374 0382 0330
0376 0384 0332
0378 0386 0334
0380 0388 0336
0382 0390 0338
0384 0392 0340
0386 0394 0342
0388 0396 0344
0390 0398 0346
0392 0400 0348
0394 0402 0350
0396 0404 0352
0398 0406 0354
0400 0408 0356
0402 0410 0356
0404 0412 0356
0406 0414 0358
0408 0416 0360
0410 0418 0362
0412 0420 0364
0414 0422 0366
0416 0424 0368
0418 0426 0370
0420 0428 0372
0422 0430 0374
0424 0432 0376
0426 0434 0378
0428 0436 0380
0430 0438 0380
0432 0440 0380
0434 0440 0382
0436 0440 0384
0438 0442 0386
0440 0444 0388
0442 0446 0390
0444 0448 0392
0446 0450 0394
0448 0452 0396
0450 0454 0398
0452 0456 0400
0454 0458 0402
0456 0460 0404
0458 0462 0406
0460 0464 0408
0462 0466 0408
0464 0468 0408
0466 0470 0410
0468 0472 0412
0470 0474 0414
0472 0476 0416
0474 0478 0418
0476 0480 0420
0478 0482 0422
0480 0484 0424
0482 0486 0426
0484 0488 0428
0486 0490 0430
0488 0492 0432
0490 0494 0432
0492 0496 0432
0494 0498 0434
0496 0500 0436
0498 0502 0438
0500 0504 0440
0502 0506 0442
0504 0508 0444
0506 0510 0446
0508 0512 0448
0510 0514 0450
0512 0516 0452
0514 0518 0454
0516 0520 0456
0518 0522 0458
0520 0524 0460
0522 0526 0460
0524 0528 0460
0526 0530 0462
0528 0532 0464
0530 0534 0466
0532 0536 0468
0534 0538 0470
0536 0540 0472
0538 0542 0474
0540 0544 0476
0540 0546 0478
0540 0548 0480
0542 0550 0482
0544 0552 0484
0546 0554 0484
0548 0556 0484
0550 0558 0486
0552 0560 0488
0554 0562 0490
0556 0564 0492
0558 0566 0494
0560 0568 0496
0562 0570 0498
0564 0572 0500
0566 0574 0502
0568 0576 0504
0570 0578 0506
0572 0580 0508
0574 0582 0510
0576 0584 0512
0578 0586 0512
0580 0588 0512
0582 0590 0514
0584 0592 0516
0586 0594 0518
0588 0596 0520
0590 0598 0522
0592 0600 0524
0594 0602 0526
0596 0604 0528
0598 0606 0530
0600 0608 0532
0602 0610 0534
0604 0612 0536
0606 0614 0538
0608 0616 0540
0610 0618 0540
0612 0620 0540
0614 0622 0542
0616 0624 0544
0618 0626 0546
0620 0628 0548
0622 0630 0550
0624 0632 0552
0626 0634 0554
0628 0636 0556
0630 0638 0558
0632 0640 0560
0634 0642 0562
0636 0644 0564
0638 0646 0564
0640 0648 0564
0642 0650 0566
0644 0652 0568
0646 0654 0570
0648 0656 0572
0650 0658 0574
0652 0660 0576
0654 0662 0578
0656 0664 0580
0658 0666 0582
0660 0668 0584
0662 0670 0586
0664 0672 0588
0666 0674 0590
0668 0676 0592
0670 0678 0592
0672 0680 0592
0674 0682 0594
0676 0684 0596
0678 0686 0598
0680 0688 0600
0682 0690 0602
0684 0692 0604
0686 0694 0606
0688 0696 0608
0690 0698 0610
0692 0700 0612
0694 0702 0614
0696 0704 0616
0698 0706 0616
0700 0708 0616
0702 0710 0618
0704 0712 0620
0706 0714 0622
0708 0716 0624
0710 0718 0626
0712 0720 0628
0714 0722 0630
0716 0724 0632
0718 0726 0634
0720 0728 0636
0722 0730 0638
0724 0732 0640
0726 0734 0642
0728 0736 0644
0730 0738 0644
0732 0740 0644
0734 0742 0646
0736 0744 0648
0738 0746 0650
0740 0748 0652
0742 0750 0654
0744 0752 0656
0746 0754 0658
0748 0756 0660
0750 0758 0662
0752 0760 0664
0752 0762 0666
0752 0764 0668
0754 0766 0668
0756 0768 0668
0758 0770 0670
0760 0772 0672
0762 0774 0674
0764 0776 0676
0766 0778 0678
0768 0780 0680
0770 0782 0682
0772 0784 0684
0774 0786 0686
0776 0788 0688
0778 0790 0690
0780 0792 0692
0782 0794 0694
0784 0796 0696
0786 0798 0696
0788 0800 0696
0790 0802 0698
0792 0804 0700
0794 0806 0702
0796 0808 0704
0798 0810 0706
0800 0812 0708
0802 0814 0710
0804 0816 0712
0806 0818 0714
0808 0820 0716
0810 0822 0718
0812 0824 0720
0814 0826 0722
0816 0828 0724
0818 0830 0724
0820 0832 0724
0822 0834 0726
0824 0836 0728
0826 0838 0730
0828 0840 0732
0830 0842 0734
0832 0844 0736
0834 0846 0738
0836 0848 0740
0838 0850 0742
0840 0852 0744
0842 0854 0746
0844 0856 0748
0846 0858 0748
0848 0860 0748
0850 0862 0750
0852 0864 0752
0854 0866 0754
0856 0868 0756
0858 0870 0758
0860 0872 0760
0862 0874 0762
0864 0876 0764
0866 0878 0766
0868 0880 0768
0870 0882 0770
0872 0884 0772
0874 0886 0774
0876 0888 0776
0878 0890 0776
0880 0892 0776
0882 0894 0778
0884 0896 0780
0886 0898 0782
0888 0900 0784
0890 0902 0786
0892 0904 0788
0894 0906 0790
0896 0908 0792
0898 0910 0794
0900 0912 0796
0902 0914 0798
0904 0916 0800
0906 0918 0800
0908 0920 0800
0910 0922 0802
0912 0924 0804
0914 0926 0806
0916 0928 0808
0918 0930 0810
0920 0932 0812
0922 0934 0814
0924 0936 0816
0926 0938 0818
0928 0940 0820
0930 0942 0822
0932 0944 0824
0934 0946 0826
0936 0948 0828
0938 0950 0828
0940 0952 0828
0942 0954 0830
0944 0956 0832
0946 0958 0834
0948 0960 0836
0950 0962 0838
0952 0964 0840
0954 0966 0842
0956 0968 0844
0958 0970 0846
0960 0972 0848
0962 0974 0850
0964 0976 0852
0966 0978 0852
0968 0980 0852
0968 0982 0854
0968 0984 0856
0970 0986 0858
0972 0988 0860
0974 0990 0862
0976 0992 0864
0978 0994 0866
0980 0996 0868
0982 0998 0870
0984 1000 0872
0986 1002 0874
0988 1004 0876
0990 1006 0878
0992 1008 0880
0994 1010 0880
0996 1012 0880
0998 1014 0882
1000 1016 0884
1000 1016 0884
