0000 0000 0000
0002 0002 0002
0004 0004 0004
0006 0006 0006
0008 0008 0008
0010 0010 0010
0012 0012 0012
0014 0014 0014
0016 0016 0016
0018 0018 0018
0020 0020 0020
0022 0022 0020
0024 0024 0020
0026 0026 0022
0028 0028 0024
0030 0030 0026
0032 0032 0028
0034 0034 0030
0036 0036 0032
0038 0038 0034
0040 0040 0036
0042 0042 0038
0044 0044 0040
0046 0046 0042
0048 0048 0044
0050 0050 0046
0052 0052 0048
0054 0054 0050
0056 0056 0052
0058 0058 0054
0060 0060 0056
0062 0062 0056
0064 0064 0056
0066 0066 0058
0068 0068 0060
0070 0070 0062
0072 0072 0064
0074 0074 0066
0076 0076 0068
0078 0078 0070
0080 0080 0072
0082 0082 0074
0084 0084 0076
0086 0086 0078
0088 0088 0080
0090 0090 0082
0092 0092 0084
0094 0094 0086
0096 0096 0088
0098 0098 0090
0100 0100 0092
0102 0102 0092
0104 0104 0092
0106 0106 0094
0108 0108 0096
0110 0110 0098
0112 0112 0100
0114 0114 0102
0116 0116 0104
0118 0118 0106
0120 0120 0108
0122 0122 0110
0124 0124 0112
0126 0126 0114
0128 0128 0116
0130 0130 0118
0132 0132 0120
0134 0134 0122
0136 0136 0124
0138 0138 0126
0140 0140 0128
0142 0142 0130
0144 0144 0132
0146 0146 0132
0148 0148 0132
0150 0150 0134
0152 0152 0136
0154 0154 0138
0156 0156 0140
0158 0158 0142
0160 0160 0144
0162 0162 0146
0164 0164 0148
0166 0166 0150
0168 0168 0152
0170 0170 0154
0172 0172 0156
0174 0174 0158
0176 0176 0160
0178 0178 0162
0180 0180 0164
0182 0182 0166
0184 0184 0168
0186 0186 0168
0188 0188 0168
0190 0190 0170
0192 0192 0172
0194 0194 0174
0196 0196 0176
0198 0198 0178
0200 0200 0180
0202 0202 0182
0204 0204 0184
0206 0206 0186
0208 0208 0188
0210 0210 0190
0212 0212 0192
0214 0214 0194
0216 0216 0196
0218 0218 0198
0220 0220 0200
0222 0222 0202
0224 0224 0204
0226 0226 0206
0228 0228 0208
0230 0230 0208
0232 0232 0208
0234 0234 0210
0236 0236 0212
0238 0238 0214
0240 0240 0216
0242 0242 0218
0244 0244 0220
0246 0246 0222
0248 0248 0224
0250 0250 0226
0252 0252 0228
0254 0254 0230
0256 0256 0232
0258 0258 0234
0260 0260 0236
0262 0262 0238
0264 0264 0240
0266 0266 0242
0268 0268 0244
0270 0270 0244
0272 0272 0244
0274 0274 0246
0276 0276 0248
0278 0278 0250
0280 0280 0252
0282 0282 0254
0284 0284 0256
0286 0286 0258
0288 0288 0260
0290 0290 0262
0292 0292 0264
0294 0294 0266
0296 0296 0268
0298 0298 0270
0300 0300 0272
0302 0302 0274
0304 0304 0276
0306 0306 0278
0308 0308 0280
0310 0310 0280
0312 0312 0280
0314 0314 0282
0316 0316 0284
0318 0318 0286
0320 0320 0288
0322 0322 0290
0324 0324 0292
0326 0326 0294
0328 0328 0296
0330 0330 0298
0332 0332 0300
0334 0334 0302
0336 0336 0304
0338 0338 0306
0340 0340 0308
0342 0342 0310
0344 0344 0312
0346 0346 0314
0348 0348 0316
0350 0350 0318
0352 0352 0320
0354 0354 0320
0356 0356 0320
0358 0358 0322
0360 0360 0324
0362 0362 0326
0364 0364 0328
0366 0366 0330
0368 0368 0332
0370 0370 0334
0372 0372 0336
0374 0374 0338
0376 0376 0340
0378 0378 0342
0380 0380 0344
0382 0382 0346
0384 0384 0348
0386 0386 0350
0388 0388 0352
0390 0390 0354
0392 0392 0356
0394 0394 0356
0396 0396 0356
0398 0398 0358
0400 0400 0360
0402 0402 0362
0404 0404 0364
0406 0406 0366
0408 0408 0368
0410 0410 0370
0412 0412 0372
0414 0414 0374
0416 0416 0376
0418 0418 0378
0420 0420 0380
0422 0422 0382
0424 0424 0384
0426 0426 0386
0428 0428 0388
0430 0430 0390
0432 0432 0392
0434 0434 0392
0436 0436 0392
0438 0438 0394
0440 0440 0396
0442 0442 0398
0444 0444 0400
0446 0446 0402
0448 0448 0404
0450 0450 0406
0452 0452 0408
0454 0454 0410
0456 0456 0412
0458 0458 0414
0460 0460 0416
0462 0462 0418
0464 0464 0420
0466 0466 0422
0468 0468 0424
0470 0470 0426
0472 0472 0428
0474 0474 0430
0476 0476 0432
0478 0478 0432
0480 0480 0432
0482 0482 0434
0484 0484 0436
0486 0486 0438
0488 0488 0440
0490 0490 0442
0492 0492 0444
0494 0494 0446
0496 0496 0448
0498 0498 0450
0500 0500 0452
0502 0502 0454
0504 0504 0456
0506 0506 0458
0508 0508 0460
0510 0510 0462
0512 0512 0464
0514 0514 0466
0516 0516 0468
0518 0518 0468
0520 0520 0468
0522 0522 0470
0524 0524 0472
0526 0526 0474
0528 0528 0476
0530 0530 0478
0532 0532 0480
0534 0534 0482
0536 0536 0484
0538 0538 0486
0540 0540 0488
0542 0542 0490
0544 0544 0492
0546 0546 0494
0548 0548 0496
0550 0550 0498
0552 0552 0500
0554 0554 0502
0556 0556 0504
0558 0558 0504
0560 0560 0504
0562 0562 0506
0564 0564 0508
0566 0566 0510
0568 0568 0512
0570 0570 0514
0572 0572 0516
0574 0574 0518
0576 0576 0520
0578 0578 0522
0580 0580 0524
0582 0582 0526
0584 0584 0528
0586 0586 0530
0588 0588 0532
0590 0590 0534
0592 0592 0536
0594 0594 0538
0596 0596 0540
0598 0598 0542
0600 0600 0544
0602 0602 0544
0604 0604 0544
0606 0606 0546
0608 0608 0548
0610 0610 0550
0612 0612 0552
0614 0614 0554
0616 0616 0556
0618 0618 0558
0620 0620 0560
0622 0622 0562
0624 0624 0564
0626 0626 0566
0628 0628 0568
0630 0630 0570
0632 0632 0572
0634 0634 0574
0636 0636 0576
0638 0638 0578
0640 0640 0580
0642 0642 0580
0644 0644 0580
0646 0646 0582
0648 0648 0584
0650 0650 0586
0652 0652 0588
0654 0654 0590
0656 0656 0592
0658 0658 0594
0660 0660 0596
0662 0662 0598
0664 0664 0600
0666 0666 0602
0668 0668 0604
0670 0670 0606
0672 0672 0608
0674 0674 0610
0676 0676 0612
0678 0678 0614
0680 0680 0616
0682 0682 0618
0684 0684 0620
0686 0686 0620
0688 0688 0620
0690 0690 0622
0692 0692 0624
0694 0694 0626
0696 0696 0628
0698 0698 0630
0700 0700 0632
0702 0702 0634
0704 0704 0636
0706 0706 0638
0708 0708 0640
0710 0710 0642
0712 0712 0644
0714 0714 0646
0716 0716 0648
0718 0718 0650
0720 0720 0652
0722 0722 0654
0724 0724 0656
0726 0726 0656
0728 0728 0656
0730 0730 0658
0732 0732 0660
0734 0734 0662
0736 0736 0664
0738 0738 0666
0740 0740 0668
0742 0742 0670
0744 0744 0672
0746 0746 0674
0748 0748 0676
0750 0750 0678
0752 0752 0680
0754 0754 0682
0756 0756 0684
0758 0758 0686
0760 0760 0688
0762 0762 0690
0764 0764 0692
0766 0766 0692
0768 0768 0692
0770 0770 0694
0772 0772 0696
0774 0774 0698
0776 0776 0700
0778 0778 0702
0780 0780 0704
0782 0782 0706
0784 0784 0708
0786 0786 0710
0788 0788 0712
0790 0790 0714
0792 0792 0716
0794 0794 0718
0796 0796 0720
0798 0798 0722
0800 0800 0724
0802 0802 0726
0804 0804 0728
0806 0806 0730
0808 0808 0732
0810 0810 0732
0812 0812 0732
0814 0814 0734
0816 0816 0736
0818 0818 0738
0820 0820 0740
0822 0822 0742
0824 0824 0744
0826 0826 0746
0828 0828 0748
0830 0830 0750
0832 0832 0752
0832 0834 0754
0832 0836 0756
0834 0838 0758
0836 0840 0760
0838 0842 0762
0840 0844 0764
0842 0846 0766
0844 0848 0768
0846 0850 0768
0848 0852 0768
0850 0854 0770
0852 0856 0772
0854 0858 0774
0856 0860 0776
0858 0862 0778
0860 0864 0780
0862 0866 0782
0864 0868 0784
0866 0870 0786
0868 0872 0788
0870 0874 0790
0872 0876 0792
0874 0878 0794
0876 0880 0796
0878 0882 0798
0880 0884 0800
0882 0886 0802
0884 0888 0804
0886 0890 0804
0888 0892 0804
0890 0894 0806
0892 0896 0808
0894 0898 0810
0896 0900 0812
0898 0902 0814
0900 0904 0816
0902 0906 0818
0904 0908 0820
0906 0910 0822
0908 0912 0824
0910 0914 0826
0912 0916 0828
0914 0918 0830
0916 0920 0832
0918 0922 0834
0920 0924 0836
0922 0926 0838
0924 0928 0840
0926 0930 0842
0928 0932 0844
0930 0934 0844
0932 0936 0844
0934 0938 0846
0936 0940 0848
0938 0942 0850
0940 0944 0852
0942 0946 0854
0944 0948 0856
0946 0950 0858
0948 0952 0860
0950 0954 0862
0952 0956 0864
0954 0958 0866
0956 0960 0868
0958 0962 0870
0960 0964 0872
0962 0966 0874
0964 0968 0876
0966 0970 0878
0968 0972 0880
0970 0974 0880
0972 0976 0880
0974 0978 0882
0976 0980 0884
0978 0982 0886
0980 0984 0888
0982 0986 0890
0984 0988 0892
0986 0990 0894
0988 0992 0896
0990 0994 0898
0992 0996 0900
0994 0998 0902
0996 1000 0904
0998 1002 0906
1000 1004 0908
1002 1006 0910
1004 1008 0912
1006 1010 0914
1008 1012 0916
1010 1014 0916
1012 1016 0916
1014 1018 0918
1016 1020 0920
1016 1020 0920
