0000 0000 0000
0002 0002 0002
0004 0004 0004
0006 0006 0006
0008 0008 0008
0010 0010 0010
0012 0012 0012
0014 0014 0014
0016 0016 0016
0018 0018 0018
0020 0020 0020
0022 0022 0022
0024 0024 0024
0026 0026 0026
0028 0028 0028
0030 0030 0030
0032 0032 0032
0034 0034 0034
0036 0036 0036
0038 0038 0038
0040 0040 0040
0042 0042 0042
0044 0044 0044
0044 0046 0046
0044 0048 0048
0046 0050 0050
0048 0052 0052
0050 0054 0054
0052 0056 0056
0054 0058 0058
0056 0060 0060
0058 0062 0062
0060 0064 0064
0062 0066 0066
0064 0068 0068
0066 0070 0070
0068 0072 0072
0070 0074 0074
0072 0076 0076
0074 0078 0078
0076 0080 0080
0078 0082 0082
0080 0084 0084
0082 0086 0086
0084 0088 0088
0086 0090 0090
0088 0092 0092
0090 0094 0094
0092 0096 0096
0094 0098 0098
0096 0100 0100
0098 0102 0102
0100 0104 0104
0102 0106 0106
0104 0108 0108
0106 0110 0110
0108 0112 0112
0110 0114 0114
0112 0116 0116
0114 0118 0118
0116 0120 0120
0118 0122 0122
0120 0124 0124
0122 0126 0126
0124 0128 0128
0126 0130 0130
0128 0132 0132
0130 0134 0134
0132 0136 0136
0132 0138 0138
0132 0140 0140
0134 0142 0142
0136 0144 0144
0138 0146 0146
0140 0148 0148
0142 0150 0150
0144 0152 0152
0146 0154 0154
0148 0156 0156
0150 0158 0158
0152 0160 0160
0154 0160 0162
0156 0160 0164
0158 0162 0166
0160 0164 0168
0162 0166 0170
0164 0168 0172
0166 0170 0174
0168 0172 0176
0170 0174 0178
0172 0176 0180
0174 0178 0182
0176 0180 0184
0178 0182 0186
0180 0184 0188
0182 0186 0190
0184 0188 0192
0186 0190 0194
0188 0192 0196
0190 0194 0198
0192 0196 0200
0194 0198 0202
0196 0200 0204
0198 0202 0206
0200 0204 0208
0202 0206 0210
0204 0208 0212
0206 0210 0214
0208 0212 0216
0210 0214 0218
0212 0216 0220
0214 0218 0222
0216 0220 0224
0216 0222 0226
0216 0224 0228
0218 0226 0230
0220 0228 0232
0222 0230 0234
0224 0232 0236
0226 0234 0238
0228 0236 0240
0230 0238 0242
0232 0240 0244
0234 0242 0246
0236 0244 0248
0238 0246 0250
0240 0248 0252
0242 0250 0254
0244 0252 0256
0246 0254 0258
0248 0256 0260
0250 0258 0262
0252 0260 0264
0254 0262 0266
0256 0264 0268
0258 0266 0270
0260 0268 0272
0262 0270 0274
0264 0272 0276
0266 0274 0278
0268 0276 0280
0270 0278 0282
0272 0280 0284
0274 0282 0286
0276 0284 0288
0278 0286 0290
0280 0288 0292
0282 0290 0294
0284 0292 0296
0286 0294 0298
0288 0296 0300
0290 0298 0302
0292 0300 0304
0294 0302 0306
0296 0304 0308
0298 0306 0310
0300 0308 0312
0302 0310 0314
0304 0312 0316
0304 0314 0318
0304 0316 0320
0306 0318 0322
0308 0320 0324
0310 0322 0326
0312 0324 0328
0314 0326 0330
0316 0328 0332
0318 0330 0334
0320 0332 0336
0322 0334 0338
0324 0336 0340
0326 0338 0342
0328 0340 0344
0330 0342 0346
0332 0344 0348
0334 0346 0350
0336 0348 0352
0338 0350 0354
0340 0352 0356
0342 0354 0358
0344 0356 0360
0346 0358 0362
0348 0360 0364
0350 0362 0366
0352 0364 0368
0354 0366 0370
0356 0368 0372
0358 0370 0374
0360 0372 0376
0362 0374 0378
0364 0376 0380
0366 0378 0382
0368 0380 0384
0370 0382 0386
0372 0384 0388
0374 0386 0390
0376 0388 0392
0378 0390 0394
0380 0392 0396
0382 0394 0398
0384 0396 0400
0386 0398 0402
0388 0400 0404
0390 0402 0406
0392 0404 0408
0392 0406 0410
0392 0408 0412
0394 0410 0414
0396 0412 0416
0398 0414 0418
0400 0416 0420
0402 0418 0422
0404 0420 0424
0406 0422 0426
0408 0424 0428
0410 0426 0430
0412 0428 0432
0414 0430 0434
0416 0432 0436
0418 0434 0438
0420 0436 0440
0422 0438 0442
0424 0440 0444
0426 0442 0446
0428 0444 0448
0430 0446 0450
0432 0448 0452
0434 0450 0454
0436 0452 0456
0438 0454 0458
0440 0456 0460
0442 0458 0462
0444 0460 0464
0446 0462 0466
0448 0464 0468
0450 0466 0470
0452 0468 0472
0454 0470 0474
0456 0472 0476
0458 0474 0478
0460 0476 0480
0462 0476 0482
0464 0476 0484
0466 0478 0486
0468 0480 0488
0470 0482 0490
0472 0484 0492
0474 0486 0494
0476 0488 0496
0476 0490 0498
0476 0492 0500
0478 0494 0502
0480 0496 0504
0482 0498 0506
0484 0500 0508
0486 0502 0510
0488 0504 0512
0490 0506 0514
0492 0508 0516
0494 0510 0518
0496 0512 0520
0498 0514 0522
0500 0516 0524
0502 0518 0526
0504 0520 0528
0506 0522 0530
0508 0524 0532
0510 0526 0534
0512 0528 0536
0514 0530 0538
0516 0532 0540
0518 0534 0542
0520 0536 0544
0522 0538 0546
0524 0540 0548
0526 0542 0550
0528 0544 0552
0530 0546 0554
0532 0548 0556
0534 0550 0558
0536 0552 0560
0538 0554 0562
0540 0556 0564
0542 0558 0566
0544 0560 0568
0546 0562 0570
0548 0564 0572
0550 0566 0574
0552 0568 0576
0554 0570 0578
0556 0572 0580
0558 0574 0582
0560 0576 0584
0562 0578 0586
0564 0580 0588
0564 0582 0590
0564 0584 0592
0566 0586 0594
0568 0588 0596
0570 0590 0598
0572 0592 0600
0574 0594 0602
0576 0596 0604
0578 0598 0606
0580 0600 0608
0582 0602 0610
0584 0604 0612
0586 0606 0614
0588 0608 0616
0590 0610 0618
0592 0612 0620
0594 0614 0622
0596 0616 0624
0598 0618 0626
0600 0620 0628
0602 0622 0630
0604 0624 0632
0606 0626 0634
0608 0628 0636
0610 0630 0638
0612 0632 0640
0614 0634 0642
0616 0636 0644
0618 0638 0646
0620 0640 0648
0622 0642 0650
0624 0644 0652
0626 0646 0654
0628 0648 0656
0630 0650 0658
0632 0652 0660
0634 0654 0662
0636 0656 0664
0638 0658 0666
0640 0660 0668
0642 0662 0670
0644 0664 0672
0646 0666 0674
0648 0668 0676
0650 0670 0678
0652 0672 0680
0652 0674 0682
0652 0676 0684
0654 0678 0686
0656 0680 0688
0658 0682 0690
0660 0684 0692
0662 0686 0694
0664 0688 0696
0666 0690 0698
0668 0692 0700
0670 0694 0702
0672 0696 0704
0674 0698 0706
0676 0700 0708
0678 0702 0710
0680 0704 0712
0682 0706 0714
0684 0708 0716
0686 0710 0718
0688 0712 0720
0690 0714 0722
0692 0716 0724
0694 0718 0726
0696 0720 0728
0698 0722 0730
0700 0724 0732
0702 0726 0734
0704 0728 0736
0706 0730 0738
0708 0732 0740
0710 0734 0742
0712 0736 0744
0714 0738 0746
0716 0740 0748
0718 0742 0750
0720 0744 0752
0722 0746 0754
0724 0748 0756
0726 0750 0758
0728 0752 0760
0730 0754 0762
0732 0756 0764
0734 0758 0766
0736 0760 0768
0738 0762 0770
0740 0764 0772
0740 0766 0774
0740 0768 0776
0742 0770 0778
0744 0772 0780
0746 0774 0782
0748 0776 0784
0750 0778 0786
0752 0780 0788
0754 0782 0790
0756 0784 0792
0758 0786 0794
0760 0788 0796
0762 0790 0798
0764 0792 0800
0766 0792 0802
0768 0792 0804
0770 0794 0806
0772 0796 0808
0774 0798 0810
0776 0800 0812
0778 0802 0814
0780 0804 0816
0782 0806 0818
0784 0808 0820
0786 0810 0822
0788 0812 0824
0790 0814 0826
0792 0816 0828
0794 0818 0830
0796 0820 0832
0798 0822 0834
0800 0824 0836
0802 0826 0838
0804 0828 0840
0806 0830 0842
0808 0832 0844
0810 0834 0846
0812 0836 0848
0814 0838 0850
0816 0840 0852
0818 0842 0854
0820 0844 0856
0822 0846 0858
0824 0848 0860
0824 0850 0862
0824 0852 0864
0826 0854 0866
0828 0856 0868
0830 0858 0870
0832 0860 0872
0834 0862 0874
0836 0864 0876
0838 0866 0878
0840 0868 0880
0842 0870 0882
0844 0872 0884
0846 0874 0886
0848 0876 0888
0850 0878 0890
0852 0880 0892
0854 0882 0894
0856 0884 0896
0858 0886 0898
0860 0888 0900
0862 0890 0902
0864 0892 0904
0866 0894 0906
0868 0896 0908
0870 0898 0910
0872 0900 0912
0874 0902 0914
0876 0904 0916
0878 0906 0918
0880 0908 0920
0882 0910 0922
0884 0912 0924
0886 0914 0926
0888 0916 0928
0890 0918 0930
0892 0920 0932
0894 0922 0934
0896 0924 0936
0898 0926 0938
0900 0928 0940
0902 0930 0942
0904 0932 0944
0906 0934 0946
0908 0936 0948
0910 0938 0950
0912 0940 0952
0912 0942 0954
0912 0944 0956
0914 0946 0958
0916 0948 0960
0918 0950 0962
0920 0952 0964
0922 0954 0966
0924 0956 0968
0926 0958 0970
0928 0960 0972
0930 0962 0974
0932 0964 0976
0934 0966 0978
0936 0968 0980
0938 0970 0982
0940 0972 0984
0942 0974 0986
0944 0976 0988
0946 0978 0990
0948 0980 0992
0950 0982 0994
0952 0984 0996
0954 0986 0998
0956 0988 1000
0958 0990 1002
0960 0992 1004
0962 0994 1006
0964 0996 1008
0966 0998 1010
0968 1000 1012
0970 1002 1014
0972 1004 1016
0974 1006 1018
0976 1008 1020
0976 1008 1020
