0000 0000 0000
0002 0002 0002
0004 0004 0004
0006 0006 0006
0008 0008 0008
0010 0010 0010
0012 0012 0012
0014 0014 0014
0016 0016 0016
0018 0018 0018
0020 0020 0020
0022 0022 0022
0024 0024 0024
0026 0026 0026
0028 0028 0028
0030 0030 0030
0032 0032 0032
0034 0034 0034
0036 0036 0036
0038 0038 0038
0040 0040 0040
0042 0042 0042
0044 0044 0044
0046 0046 0046
0048 0048 0048
0050 0050 0050
0052 0052 0052
0054 0054 0054
0056 0056 0056
0058 0058 0058
0060 0060 0060
0062 0062 0062
0064 0064 0064
0066 0066 0066
0068 0068 0068
0070 0070 0068
0072 0072 0068
0074 0074 0070
0076 0076 0072
0078 0078 0074
0080 0080 0076
0082 0082 0078
0084 0084 0080
0086 0086 0082
0088 0088 0084
0090 0090 0086
0092 0092 0088
0094 0094 0090
0096 0096 0092
0098 0098 0094
0100 0100 0096
0102 0102 0098
0104 0104 0100
0106 0106 0102
0108 0108 0104
0110 0110 0106
0112 0112 0108
0114 0114 0110
0116 0116 0112
0118 0118 0114
0120 0120 0116
0122 0122 0118
0124 0124 0120
0126 0126 0122
0128 0128 0124
0130 0130 0126
0132 0132 0128
0134 0134 0130
0136 0136 0132
0138 0138 0134
0140 0140 0136
0142 0142 0138
0144 0144 0140
0146 0146 0142
0148 0148 0144
0150 0150 0146
0152 0152 0148
0154 0154 0150
0156 0156 0152
0158 0158 0154
0160 0160 0156
0162 0162 0158
0164 0164 0160
0166 0166 0162
0168 0168 0164
0170 0170 0166
0172 0172 0168
0174 0174 0170
0176 0176 0172
0178 0178 0174
0180 0180 0176
0182 0182 0178
0184 0184 0180
0186 0186 0182
0188 0188 0184
0190 0190 0186
0192 0192 0188
0194 0194 0190
0196 0196 0192
0198 0198 0194
0200 0200 0196
0202 0202 0198
0204 0204 0200
0206 0206 0200
0208 0208 0200
0210 0210 0202
0212 0212 0204
0214 0214 0206
0216 0216 0208
0218 0218 0210
0220 0220 0212
0222 0222 0214
0224 0224 0216
0226 0226 0218
0228 0228 0220
0230 0230 0222
0232 0232 0224
0234 0234 0226
0236 0236 0228
0238 0238 0230
0240 0240 0232
0242 0242 0234
0244 0244 0236
0246 0246 0238
0248 0248 0240
0250 0250 0242
0252 0252 0244
0254 0254 0246
0256 0256 0248
0258 0258 0250
0260 0260 0252
0262 0262 0254
0264 0264 0256
0266 0266 0258
0268 0268 0260
0270 0270 0262
0272 0272 0264
0274 0274 0266
0276 0276 0268
0278 0278 0270
0280 0280 0272
0282 0282 0274
0284 0284 0276
0286 0286 0278
0288 0288 0280
0290 0290 0282
0292 0292 0284
0294 0294 0286
0296 0296 0288
0298 0298 0290
0300 0300 0292
0302 0302 0294
0304 0304 0296
0306 0306 0298
0308 0308 0300
0310 0310 0302
0312 0312 0304
0314 0314 0306
0316 0316 0308
0318 0318 0310
0320 0320 0312
0322 0322 0314
0324 0324 0316
0326 0326 0318
0328 0328 0320
0330 0330 0322
0332 0332 0324
0334 0334 0326
0336 0336 0328
0338 0338 0330
0340 0340 0332
0342 0342 0334
0344 0344 0336
0346 0346 0336
0348 0348 0336
0350 0350 0338
0352 0352 0340
0354 0354 0342
0356 0356 0344
0358 0358 0346
0360 0360 0348
0362 0362 0350
0364 0364 0352
0366 0366 0354
0368 0368 0356
0370 0370 0358
0372 0372 0360
0374 0374 0362
0376 0376 0364
0378 0378 0366
0380 0380 0368
0382 0382 0370
0384 0384 0372
0386 0386 0374
0388 0388 0376
0390 0390 0378
0392 0392 0380
0394 0394 0382
0396 0396 0384
0398 0398 0386
0400 0400 0388
0402 0402 0390
0404 0404 0392
0406 0406 0394
0408 0408 0396
0410 0410 0398
0412 0412 0400
0414 0414 0402
0416 0416 0404
0418 0418 0406
0420 0420 0408
0422 0422 0410
0424 0424 0412
0426 0426 0414
0428 0428 0416
0430 0430 0418
0432 0432 0420
0434 0434 0422
0436 0436 0424
0438 0438 0426
0440 0440 0428
0442 0442 0430
0444 0444 0432
0446 0446 0434
0448 0448 0436
0450 0450 0438
0452 0452 0440
0454 0454 0442
0456 0456 0444
0458 0458 0446
0460 0460 0448
0462 0462 0450
0464 0464 0452
0466 0466 0454
0468 0468 0456
0470 0470 0458
0472 0472 0460
0474 0474 0462
0476 0476 0464
0478 0478 0466
0480 0480 0468
0482 0482 0468
0484 0484 0468
0486 0486 0470
0488 0488 0472
0490 0490 0474
0492 0492 0476
0494 0494 0478
0496 0496 0480
0498 0498 0482
0500 0500 0484
0502 0502 0486
0504 0504 0488
0506 0506 0490
0508 0508 0492
0510 0510 0494
0512 0512 0496
0514 0514 0498
0516 0516 0500
0518 0518 0502
0520 0520 0504
0522 0522 0506
0524 0524 0508
0526 0526 0510
0528 0528 0512
0530 0530 0514
0532 0532 0516
0534 0534 0518
0536 0536 0520
0538 0538 0522
0540 0540 0524
0542 0542 0526
0544 0544 0528
0546 0546 0530
0548 0548 0532
0550 0550 0534
0552 0552 0536
0554 0554 0538
0556 0556 0540
0558 0558 0542
0560 0560 0544
0562 0562 0546
0564 0564 0548
0566 0566 0550
0568 0568 0552
0570 0570 0554
0572 0572 0556
0574 0574 0558
0576 0576 0560
0578 0578 0562
0580 0580 0564
0582 0582 0566
0584 0584 0568
0586 0586 0570
0588 0588 0572
0590 0590 0574
0592 0592 0576
0594 0594 0578
0596 0596 0580
0598 0598 0582
0600 0600 0584
0602 0602 0586
0604 0604 0588
0606 0606 0590
0608 0608 0592
0610 0610 0594
0612 0612 0596
0614 0614 0598
0616 0616 0600
0618 0618 0602
0620 0620 0604
0622 0622 0604
0624 0624 0604
0626 0626 0606
0628 0628 0608
0630 0630 0610
0632 0632 0612
0634 0634 0614
0636 0636 0616
0638 0638 0618
0640 0640 0620
0642 0642 0622
0644 0644 0624
0646 0646 0626
0648 0648 0628
0650 0650 0630
0652 0652 0632
0654 0654 0634
0656 0656 0636
0658 0658 0638
0660 0660 0640
0662 0662 0642
0664 0664 0644
0666 0666 0646
0668 0668 0648
0670 0670 0650
0672 0672 0652
0674 0674 0654
0676 0676 0656
0678 0678 0658
0680 0680 0660
0682 0682 0662
0684 0684 0664
0686 0686 0666
0688 0688 0668
0690 0690 0670
0692 0692 0672
0694 0694 0674
0696 0696 0676
0698 0698 0678
0700 0700 0680
0702 0702 0682
0704 0704 0684
0706 0706 0686
0708 0708 0688
0710 0710 0690
0712 0712 0692
0714 0714 0694
0716 0716 0696
0718 0718 0698
0720 0720 0700
0722 0722 0702
0724 0724 0704
0726 0726 0706
0728 0728 0708
0730 0730 0710
0732 0732 0712
0734 0734 0714
0736 0736 0716
0738 0738 0718
0740 0740 0720
0742 0742 0722
0744 0744 0724
0746 0746 0726
0748 0748 0728
0750 0750 0730
0752 0752 0732
0754 0754 0734
0756 0756 0736
0758 0758 0738
0760 0760 0740
0762 0762 0740
0764 0764 0740
0766 0766 0742
0768 0768 0744
0770 0770 0746
0772 0772 0748
0774 0774 0750
0776 0776 0752
0778 0778 0754
0780 0780 0756
0782 0782 0758
0784 0784 0760
0786 0786 0762
0788 0788 0764
0790 0790 0766
0792 0792 0768
0794 0794 0770
0796 0796 0772
0798 0798 0774
0800 0800 0776
0802 0802 0778
0804 0804 0780
0806 0806 0782
0808 0808 0784
0810 0810 0786
0812 0812 0788
0814 0814 0790
0816 0816 0792
0818 0818 0794
0820 0820 0796
0822 0822 0798
0824 0824 0800
0826 0826 0802
0828 0828 0804
0830 0830 0806
0832 0832 0808
0834 0834 0810
0836 0836 0812
0838 0838 0814
0840 0840 0816
0842 0842 0818
0844 0844 0820
0846 0846 0822
0848 0848 0824
0850 0850 0826
0852 0852 0828
0854 0854 0830
0856 0856 0832
0858 0858 0834
0860 0860 0836
0862 0862 0838
0864 0864 0840
0866 0866 0842
0868 0868 0844
0870 0870 0846
0872 0872 0848
0874 0874 0850
0876 0876 0852
0878 0878 0854
0880 0880 0856
0882 0882 0858
0884 0884 0860
0886 0886 0862
0888 0888 0864
0890 0890 0866
0892 0892 0868
0894 0894 0870
0896 0896 0872
0898 0898 0872
0900 0900 0872
0902 0902 0874
0904 0904 0876
0906 0906 0878
0908 0908 0880
0910 0910 0882
0912 0912 0884
0914 0914 0886
0916 0916 0888
0918 0918 0890
0920 0920 0892
0922 0922 0894
0924 0924 0896
0926 0926 0898
0928 0928 0900
0930 0930 0902
0932 0932 0904
0934 0934 0906
0936 0936 0908
0938 0938 0910
0940 0940 0912
0942 0942 0914
0944 0944 0916
0946 0946 0918
0948 0948 0920
0950 0950 0922
0952 0952 0924
0954 0954 0926
0956 0956 0928
0958 0958 0930
0960 0960 0932
0962 0962 0934
0964 0964 0936
0966 0966 0938
0968 0968 0940
0970 0970 0942
0972 0972 0944
0974 0974 0946
0976 0976 0948
0978 0978 0950
0980 0980 0952
0982 0982 0954
0984 0984 0956
0986 0986 0958
0988 0988 0960
0990 0990 0962
0992 0992 0964
0994 0994 0966
0996 0996 0968
0998 0998 0970
1000 1000 0972
1002 1002 0974
1004 1004 0976
1006 1006 0978
1008 1008 0980
1010 1010 0982
1012 1012 0984
1014 1014 0986
1016 1016 0988
1018 1018 0990
1020 1020 0992
1020 1020 0992
