0000 0000 0000
0002 0002 0002
0004 0004 0004
0006 0006 0006
0008 0008 0008
0010 0010 0010
0012 0012 0012
0014 0014 0014
0016 0016 0016
0018 0018 0016
0020 0020 0016
0022 0022 0018
0024 0024 0020
0026 0026 0022
0028 0028 0024
0030 0030 0026
0032 0032 0028
0034 0034 0030
0036 0036 0032
0038 0038 0034
0040 0040 0036
0042 0042 0038
0044 0044 0040
0046 0046 0042
0048 0048 0044
0050 0050 0046
0052 0052 0048
0052 0054 0050
0052 0056 0052
0054 0058 0052
0056 0060 0052
0058 0062 0054
0060 0064 0056
0062 0066 0058
0064 0068 0060
0066 0070 0062
0068 0072 0064
0070 0074 0066
0072 0076 0068
0074 0078 0070
0076 0080 0072
0078 0082 0074
0080 0084 0076
0082 0086 0078
0084 0088 0080
0086 0090 0082
0088 0092 0084
0090 0094 0086
0092 0096 0088
0094 0098 0088
0096 0100 0088
0098 0102 0090
0100 0104 0092
0102 0106 0094
0104 0108 0096
0106 0110 0098
0108 0112 0100
0110 0114 0102
0112 0116 0104
0114 0118 0106
0116 0120 0108
0118 0122 0110
0120 0124 0112
0122 0126 0114
0124 0128 0116
0126 0130 0118
0128 0132 0120
0130 0134 0122
0132 0136 0124
0134 0138 0124
0136 0140 0124
0138 0142 0126
0140 0144 0128
0142 0146 0130
0144 0148 0132
0146 0150 0134
0148 0152 0136
0150 0154 0138
0152 0156 0140
0154 0158 0142
0156 0160 0144
0158 0162 0146
0160 0164 0148
0160 0166 0150
0160 0168 0152
0162 0170 0154
0164 0172 0156
0166 0174 0158
0168 0176 0160
0170 0178 0160
0172 0180 0160
0174 0182 0162
0176 0184 0164
0178 0186 0166
0180 0188 0168
0182 0190 0170
0184 0192 0172
0186 0194 0174
0188 0196 0176
0190 0198 0178
0192 0200 0180
0194 0202 0182
0196 0204 0184
0198 0206 0186
0200 0208 0188
0202 0210 0190
0204 0212 0192
0206 0214 0194
0208 0216 0196
0210 0218 0196
0212 0220 0196
0214 0222 0198
0216 0224 0200
0218 0226 0202
0220 0228 0204
0222 0230 0206
0224 0232 0208
0226 0234 0210
0228 0236 0212
0230 0238 0214
0232 0240 0216
0234 0242 0218
0236 0244 0220
0238 0246 0222
0240 0248 0224
0242 0250 0226
0244 0252 0228
0246 0254 0230
0248 0256 0232
0250 0258 0232
0252 0260 0232
0254 0262 0234
0256 0264 0236
0258 0266 0238
0260 0268 0240
0262 0270 0242
0264 0272 0244
0264 0274 0246
0264 0276 0248
0266 0278 0250
0268 0280 0252
0270 0282 0254
0272 0284 0256
0274 0286 0258
0276 0288 0260
0278 0290 0262
0280 0292 0264
0282 0294 0266
0284 0296 0268
0286 0298 0268
0288 0300 0268
0290 0302 0270
0292 0304 0272
0294 0306 0274
0296 0308 0276
0298 0310 0278
0300 0312 0280
0302 0314 0282
0304 0316 0284
0306 0318 0286
0308 0320 0288
0310 0322 0290
0312 0324 0292
0314 0326 0294
0316 0328 0296
0318 0330 0298
0320 0332 0300
0322 0334 0302
0324 0336 0304
0326 0338 0304
0328 0340 0304
0330 0342 0306
0332 0344 0308
0334 0346 0310
0336 0348 0312
0338 0350 0314
0340 0352 0316
0342 0354 0318
0344 0356 0320
0346 0358 0322
0348 0360 0324
0350 0362 0326
0352 0364 0328
0354 0366 0330
0356 0368 0332
0358 0370 0334
0360 0372 0336
0362 0374 0338
0364 0376 0340
0366 0378 0340
0368 0380 0340
0368 0382 0342
0368 0384 0344
0370 0386 0346
0372 0388 0348
0374 0390 0350
0376 0392 0352
0378 0394 0354
0380 0396 0356
0382 0398 0358
0384 0400 0360
0386 0402 0362
0388 0404 0364
0390 0406 0366
0392 0408 0368
0394 0410 0370
0396 0412 0372
0398 0414 0374
0400 0416 0376
0402 0418 0376
0404 0420 0376
0406 0422 0378
0408 0424 0380
0410 0426 0382
0412 0428 0384
0414 0430 0386
0416 0432 0388
0418 0434 0390
0420 0436 0392
0422 0438 0394
0424 0440 0396
0426 0442 0398
0428 0444 0400
0430 0446 0402
0432 0448 0404
0434 0450 0406
0436 0452 0408
0438 0454 0410
0440 0456 0412
0442 0458 0412
0444 0460 0412
0446 0462 0414
0448 0464 0416
0450 0466 0418
0452 0468 0420
0454 0470 0422
0456 0472 0424
0458 0474 0426
0460 0476 0428
0462 0478 0430
0464 0480 0432
0466 0482 0434
0468 0484 0436
0470 0486 0438
0472 0488 0440
0474 0490 0442
0476 0492 0444
0476 0494 0446
0476 0496 0448
0478 0498 0448
0480 0500 0448
0482 0502 0450
0484 0504 0452
0486 0506 0454
0488 0508 0456
0490 0510 0458
0492 0512 0460
0494 0514 0462
0496 0516 0464
0498 0518 0466
0500 0520 0468
0502 0522 0470
0504 0524 0472
0506 0526 0474
0508 0528 0476
0510 0530 0478
0512 0532 0480
0514 0534 0482
0516 0536 0484
0518 0538 0484
0520 0540 0484
0522 0542 0486
0524 0544 0488
0526 0546 0490
0528 0548 0492
0530 0550 0494
0532 0552 0496
0534 0554 0498
0536 0556 0500
0538 0558 0502
0540 0560 0504
0542 0562 0506
0544 0564 0508
0546 0566 0510
0548 0568 0512
0550 0570 0514
0552 0572 0516
0554 0574 0518
0556 0576 0520
0558 0578 0520
0560 0580 0520
0562 0582 0522
0564 0584 0524
0566 0586 0526
0568 0588 0528
0570 0590 0530
0572 0592 0532
0574 0594 0534
0576 0596 0536
0578 0598 0538
0580 0600 0540
0580 0602 0542
0580 0604 0544
0582 0606 0546
0584 0608 0548
0586 0610 0550
0588 0612 0552
0590 0614 0554
0592 0616 0556
0594 0618 0556
0596 0620 0556
0598 0622 0558
0600 0624 0560
0602 0626 0562
0604 0628 0564
0606 0630 0566
0608 0632 0568
0610 0634 0570
0612 0636 0572
0614 0638 0574
0616 0640 0576
0618 0642 0578
0620 0644 0580
0622 0646 0582
0624 0648 0584
0626 0650 0586
0628 0652 0588
0630 0654 0590
0632 0656 0592
0634 0658 0592
0636 0660 0592
0638 0662 0594
0640 0664 0596
0642 0666 0598
0644 0668 0600
0646 0670 0602
0648 0672 0604
0650 0674 0606
0652 0676 0608
0654 0678 0610
0656 0680 0612
0658 0682 0614
0660 0684 0616
0662 0686 0618
0664 0688 0620
0666 0690 0622
0668 0692 0624
0670 0694 0626
0672 0696 0628
0674 0698 0628
0676 0700 0628
0678 0702 0630
0680 0704 0632
0682 0706 0634
0684 0708 0636
0686 0710 0638
0688 0712 0640
0688 0714 0642
0688 0716 0644
0690 0718 0646
0692 0720 0648
0694 0722 0650
0696 0724 0652
0698 0726 0654
0700 0728 0656
0702 0730 0658
0704 0732 0660
0706 0734 0662
0708 0736 0664
0710 0738 0664
0712 0740 0664
0714 0742 0666
0716 0744 0668
0718 0746 0670
0720 0748 0672
0722 0750 0674
0724 0752 0676
0726 0754 0678
0728 0756 0680
0730 0758 0682
0732 0760 0684
0734 0762 0686
0736 0764 0688
0738 0766 0690
0740 0768 0692
0742 0770 0694
0744 0772 0696
0746 0774 0698
0748 0776 0700
0750 0778 0700
0752 0780 0700
0754 0782 0702
0756 0784 0704
0758 0786 0706
0760 0788 0708
0762 0790 0710
0764 0792 0712
0766 0794 0714
0768 0796 0716
0770 0798 0718
0772 0800 0720
0774 0802 0722
0776 0804 0724
0778 0806 0726
0780 0808 0728
0782 0810 0730
0784 0812 0732
0786 0814 0734
0788 0816 0736
0790 0818 0736
0792 0820 0736
0792 0822 0738
0792 0824 0740
0794 0826 0742
0796 0828 0744
0798 0830 0746
0800 0832 0748
0802 0834 0750
0804 0836 0752
0806 0838 0754
0808 0840 0756
0810 0842 0758
0812 0844 0760
0814 0846 0762
0816 0848 0764
0818 0850 0766
0820 0852 0768
0822 0854 0770
0824 0856 0772
0826 0858 0772
0828 0860 0772
0830 0862 0774
0832 0864 0776
0834 0866 0778
0836 0868 0780
0838 0870 0782
0840 0872 0784
0842 0874 0786
0844 0876 0788
0846 0878 0790
0848 0880 0792
0850 0882 0794
0852 0884 0796
0854 0886 0798
0856 0888 0800
0858 0890 0802
0860 0892 0804
0862 0894 0806
0864 0896 0808
0866 0898 0808
0868 0900 0808
0870 0902 0810
0872 0904 0812
0874 0906 0814
0876 0908 0816
0878 0910 0818
0880 0912 0820
0882 0914 0822
0884 0916 0824
0886 0918 0826
0888 0920 0828
0890 0922 0830
0892 0924 0832
0894 0926 0834
0896 0928 0836
0896 0930 0838
0896 0932 0840
0898 0934 0842
0900 0936 0844
0902 0938 0844
0904 0940 0844
0906 0942 0846
0908 0944 0848
0910 0946 0850
0912 0948 0852
0914 0950 0854
0916 0952 0856
0918 0954 0858
0920 0956 0860
0922 0958 0862
0924 0960 0864
0926 0962 0866
0928 0964 0868
0930 0966 0870
0932 0968 0872
0934 0970 0874
0936 0972 0876
0938 0974 0878
0940 0976 0880
0942 0978 0880
0944 0980 0880
0946 0982 0882
0948 0984 0884
0950 0986 0886
0952 0988 0888
0954 0990 0890
0956 0992 0892
0958 0994 0894
0960 0996 0896
0962 0998 0898
0964 1000 0900
0966 1002 0902
0968 1004 0904
0970 1006 0906
0972 1008 0908
0974 1010 0910
0976 1012 0912
0978 1014 0914
0980 1016 0916
0982 1018 0916
0984 1020 0916
0984 1020 0916
