0000 0000 0000
0002 0002 0002
0004 0004 0004
0006 0006 0006
0008 0008 0008
0010 0010 0010
0012 0012 0012
0014 0014 0014
0016 0016 0016
0018 0018 0018
0020 0020 0020
0022 0022 0022
0024 0024 0024
0026 0026 0026
0028 0028 0028
0030 0030 0030
0032 0032 0032
0034 0034 0034
0036 0036 0036
0038 0038 0038
0040 0040 0040
0042 0042 0042
0044 0044 0044
0046 0046 0046
0048 0048 0048
0050 0050 0050
0052 0052 0052
0054 0054 0054
0056 0056 0056
0058 0058 0058
0060 0060 0060
0062 0062 0062
0064 0064 0064
0066 0066 0066
0068 0068 0068
0070 0070 0070
0072 0072 0072
0074 0074 0074
0076 0076 0076
0078 0078 0078
0080 0080 0080
0082 0082 0082
0084 0084 0084
0086 0086 0086
0088 0088 0088
0090 0090 0090
0092 0092 0092
0094 0094 0094
0096 0096 0096
0098 0098 0098
0100 0100 0100
0102 0102 0102
0104 0104 0104
0106 0106 0106
0108 0108 0108
0110 0110 0110
0112 0112 0112
0114 0114 0114
0116 0116 0116
0118 0118 0118
0120 0120 0120
0122 0122 0122
0124 0124 0124
0126 0126 0126
0128 0128 0128
0130 0130 0130
0132 0132 0132
0134 0134 0134
0136 0136 0136
0138 0138 0138
0140 0140 0140
0142 0142 0142
0144 0144 0144
0146 0146 0146
0148 0148 0148
0150 0150 0150
0152 0152 0152
0154 0154 0154
0156 0156 0156
0158 0158 0158
0160 0160 0160
0162 0162 0162
0164 0164 0164
0166 0166 0166
0168 0168 0168
0170 0170 0170
0172 0172 0172
0174 0174 0174
0176 0176 0176
0178 0178 0178
0180 0180 0180
0182 0182 0182
0184 0184 0184
0186 0186 0186
0188 0188 0188
0190 0190 0190
0192 0192 0192
0194 0194 0194
0196 0196 0196
0198 0198 0198
0200 0200 0200
0202 0202 0202
0204 0204 0204
0206 0206 0206
0208 0208 0208
0210 0210 0210
0212 0212 0212
0214 0214 0214
0216 0216 0216
0218 0218 0218
0220 0220 0220
0222 0222 0222
0224 0224 0224
0226 0226 0226
0228 0228 0228
0230 0230 0230
0232 0232 0232
0234 0234 0234
0236 0236 0236
0238 0238 0238
0240 0240 0240
0242 0242 0242
0244 0244 0244
0246 0246 0246
0248 0248 0248
0250 0250 0250
0252 0252 0252
0254 0254 0254
0256 0256 0256
0258 0258 0258
0260 0260 0260
0262 0262 0262
0264 0264 0264
0266 0266 0266
0268 0268 0268
0270 0270 0270
0272 0272 0272
0274 0274 0274
0276 0276 0276
0278 0278 0278
0280 0280 0280
0282 0282 0282
0284 0284 0284
0286 0286 0286
0288 0288 0288
0290 0290 0290
0292 0292 0292
0294 0294 0294
0296 0296 0296
0298 0298 0298
0300 0300 0300
0302 0302 0302
0304 0304 0304
0306 0306 0306
0308 0308 0308
0310 0310 0310
0312 0312 0312
0314 0314 0314
0316 0316 0316
0318 0318 0318
0320 0320 0320
0322 0322 0322
0324 0324 0324
0326 0326 0326
0328 0328 0328
0330 0330 0330
0332 0332 0332
0334 0334 0334
0336 0336 0336
0338 0338 0338
0340 0340 0340
0342 0342 0342
0344 0344 0344
0346 0346 0346
0348 0348 0348
0350 0350 0350
0352 0352 0352
0354 0354 0354
0356 0356 0356
0358 0358 0358
0360 0360 0360
0362 0362 0362
0364 0364 0364
0366 0366 0366
0368 0368 0368
0370 0370 0370
0372 0372 0372
0374 0374 0374
0376 0376 0376
0378 0378 0378
0380 0380 0380
0382 0382 0382
0384 0384 0384
0386 0386 0386
0388 0388 0388
0390 0390 0390
0392 0392 0392
0394 0394 0394
0396 0396 0396
0398 0398 0398
0400 0400 0400
0402 0402 0402
0404 0404 0404
0406 0406 0406
0408 0408 0408
0410 0410 0410
0412 0412 0412
0414 0414 0414
0416 0416 0416
0418 0418 0418
0420 0420 0420
0422 0422 0422
0424 0424 0424
0426 0426 0426
0428 0428 0428
0430 0430 0430
0432 0432 0432
0434 0434 0434
0436 0436 0436
0438 0438 0438
0440 0440 0440
0442 0442 0442
0444 0444 0444
0446 0446 0446
0448 0448 0448
0450 0450 0450
0452 0452 0452
0454 0454 0454
0456 0456 0456
0458 0458 0458
0460 0460 0460
0462 0462 0462
0464 0464 0464
0466 0466 0466
0468 0468 0468
0470 0470 0470
0472 0472 0472
0474 0474 0474
0476 0476 0476
0478 0478 0478
0480 0480 0480
0482 0482 0482
0484 0484 0484
0486 0486 0486
0488 0488 0488
0490 0490 0490
0492 0492 0492
0494 0494 0494
0496 0496 0496
0498 0498 0498
0500 0500 0500
0502 0502 0502
0504 0504 0504
0506 0506 0506
0508 0508 0508
0510 0510 0510
0512 0512 0512
0514 0514 0514
0516 0516 0516
0518 0518 0518
0520 0520 0520
0522 0522 0522
0524 0524 0524
0526 0526 0526
0528 0528 0528
0530 0530 0530
0532 0532 0532
0534 0534 0534
0536 0536 0536
0538 0538 0538
0540 0540 0540
0542 0542 0542
0544 0544 0544
0546 0546 0546
0548 0548 0548
0550 0550 0550
0552 0552 0552
0554 0554 0554
0556 0556 0556
0558 0558 0558
0560 0560 0560
0562 0562 0562
0564 0564 0564
0566 0566 0566
0568 0568 0568
0570 0570 0570
0572 0572 0572
0574 0574 0574
0576 0576 0576
0578 0578 0578
0580 0580 0580
0582 0582 0582
0584 0584 0584
0586 0586 0586
0588 0588 0588
0590 0590 0590
0592 0592 0592
0594 0594 0594
0596 0596 0596
0598 0598 0598
0600 0600 0600
0602 0602 0602
0604 0604 0604
0606 0606 0606
0608 0608 0608
0610 0610 0610
0612 0612 0612
0614 0614 0614
0616 0616 0616
0618 0618 0618
0620 0620 0620
0622 0622 0622
0624 0624 0624
0626 0626 0626
0628 0628 0628
0630 0630 0630
0632 0632 0632
0634 0634 0634
0636 0636 0636
0638 0638 0638
0640 0640 0640
0642 0642 0642
0644 0644 0644
0646 0646 0646
0648 0648 0648
0650 0650 0650
0652 0652 0652
0654 0654 0654
0656 0656 0656
0658 0658 0658
0660 0660 0660
0662 0662 0662
0664 0664 0664
0666 0666 0666
0668 0668 0668
0670 0670 0670
0672 0672 0672
0674 0674 0674
0676 0676 0676
0678 0678 0678
0680 0680 0680
0682 0682 0682
0684 0684 0684
0686 0686 0686
0688 0688 0688
0690 0690 0690
0692 0692 0692
0694 0694 0694
0696 0696 0696
0698 0698 0698
0700 0700 0700
0702 0702 0702
0704 0704 0704
0706 0706 0706
0708 0708 0708
0710 0710 0710
0712 0712 0712
0714 0714 0714
0716 0716 0716
0718 0718 0718
0720 0720 0720
0722 0722 0722
0724 0724 0724
0726 0726 0726
0728 0728 0728
0730 0730 0730
0732 0732 0732
0734 0734 0734
0736 0736 0736
0738 0738 0738
0740 0740 0740
0742 0742 0742
0744 0744 0744
0746 0746 0746
0748 0748 0748
0750 0750 0750
0752 0752 0752
0754 0754 0754
0756 0756 0756
0758 0758 0758
0760 0760 0760
0762 0762 0762
0764 0764 0764
0766 0766 0766
0768 0768 0768
0770 0770 0770
0772 0772 0772
0774 0774 0774
0776 0776 0776
0778 0778 0778
0780 0780 0780
0782 0782 0782
0784 0784 0784
0786 0786 0786
0788 0788 0788
0790 0790 0790
0792 0792 0792
0794 0794 0794
0796 0796 0796
0798 0798 0798
0800 0800 0800
0802 0802 0802
0804 0804 0804
0806 0806 0806
0808 0808 0808
0810 0810 0810
0812 0812 0812
0814 0814 0814
0816 0816 0816
0818 0818 0818
0820 0820 0820
0822 0822 0822
0824 0824 0824
0826 0826 0826
0828 0828 0828
0830 0830 0830
0832 0832 0832
0834 0834 0834
0836 0836 0836
0838 0838 0838
0840 0840 0840
0842 0842 0842
0844 0844 0844
0846 0846 0846
0848 0848 0848
0850 0850 0850
0852 0852 0852
0854 0854 0854
0856 0856 0856
0858 0858 0858
0860 0860 0860
0862 0862 0862
0864 0864 0864
0866 0866 0866
0868 0868 0868
0870 0870 0870
0872 0872 0872
0874 0874 0874
0876 0876 0876
0878 0878 0878
0880 0880 0880
0882 0882 0882
0884 0884 0884
0886 0886 0886
0888 0888 0888
0890 0890 0890
0892 0892 0892
0894 0894 0894
0896 0896 0896
0898 0898 0898
0900 0900 0900
0902 0902 0902
0904 0904 0904
0906 0906 0906
0908 0908 0908
0910 0910 0910
0912 0912 0912
0914 0914 0914
0916 0916 0916
0918 0918 0918
0920 0920 0920
0922 0922 0922
0924 0924 0924
0926 0926 0926
0928 0928 0928
0930 0930 0930
0932 0932 0932
0934 0934 0934
0936 0936 0936
0938 0938 0938
0940 0940 0940
0942 0942 0942
0944 0944 0944
0946 0946 0946
0948 0948 0948
0950 0950 0950
0952 0952 0952
0954 0954 0954
0956 0956 0956
0958 0958 0958
0960 0960 0960
0962 0962 0962
0964 0964 0964
0966 0966 0966
0968 0968 0968
0970 0970 0970
0972 0972 0972
0974 0974 0974
0976 0976 0976
0978 0978 0978
0980 0980 0980
0982 0982 0982
0984 0984 0984
0986 0986 0986
0988 0988 0988
0990 0990 0990
0992 0992 0992
0994 0994 0994
0996 0996 0996
0998 0998 0998
1000 1000 1000
1002 1002 1002
1004 1004 1004
1006 1006 1006
1008 1008 1008
1010 1010 1010
1012 1012 1012
1014 1014 1014
1016 1016 1016
1018 1018 1018
1020 1020 1020
1020 1020 1020
