0000 0000 0000
0002 0002 0002
0004 0004 0004
0006 0006 0006
0008 0008 0008
0010 0010 0010
0012 0012 0012
0014 0014 0012
0016 0016 0012
0018 0018 0014
0020 0020 0016
0022 0022 0018
0024 0024 0020
0026 0026 0022
0028 0028 0024
0030 0030 0026
0032 0032 0028
0034 0034 0030
0036 0036 0032
0038 0038 0032
0040 0040 0032
0042 0042 0034
0044 0044 0036
0046 0046 0038
0048 0048 0040
0050 0050 0042
0052 0052 0044
0054 0054 0046
0056 0056 0048
0058 0058 0050
0060 0060 0052
0062 0062 0052
0064 0064 0052
0066 0066 0054
0068 0068 0056
0070 0070 0058
0072 0072 0060
0074 0074 0062
0076 0076 0064
0078 0078 0066
0080 0080 0068
0082 0082 0070
0084 0084 0072
0086 0086 0072
0088 0088 0072
0090 0090 0074
0092 0092 0076
0094 0094 0078
0096 0096 0080
0098 0098 0082
0100 0100 0084
0102 0102 0086
0104 0104 0088
0106 0106 0090
0108 0108 0092
0110 0110 0092
0112 0112 0092
0114 0114 0094
0116 0116 0096
0118 0118 0098
0120 0120 0100
0122 0122 0102
0124 0124 0104
0126 0126 0106
0128 0128 0108
0130 0130 0110
0132 0132 0112
0134 0134 0112
0136 0136 0112
0138 0138 0114
0140 0140 0116
0142 0142 0118
0144 0144 0120
0146 0146 0122
0148 0148 0124
0150 0150 0126
0152 0152 0128
0154 0154 0130
0156 0156 0132
0158 0158 0132
0160 0160 0132
0162 0162 0134
0164 0164 0136
0166 0166 0138
0168 0168 0140
0170 0170 0142
0172 0172 0144
0174 0174 0146
0176 0176 0148
0178 0178 0150
0180 0180 0152
0182 0182 0152
0184 0184 0152
0186 0186 0154
0188 0188 0156
0190 0190 0158
0192 0192 0160
0194 0194 0162
0196 0196 0164
0198 0198 0166
0200 0200 0168
0202 0202 0170
0204 0204 0172
0206 0206 0172
0208 0208 0172
0210 0210 0174
0212 0212 0176
0214 0214 0178
0216 0216 0180
0218 0218 0182
0220 0220 0184
0222 0220 0186
0224 0220 0188
0226 0222 0190
0228 0224 0192
0230 0226 0192
0232 0228 0192
0234 0230 0194
0236 0232 0196
0238 0234 0198
0240 0236 0200
0242 0238 0202
0244 0240 0204
0246 0242 0206
0248 0244 0208
0250 0246 0210
0252 0248 0212
0254 0250 0212
0256 0252 0212
0258 0254 0214
0260 0256 0216
0262 0258 0218
0264 0260 0220
0266 0262 0222
0268 0264 0224
0270 0266 0226
0272 0268 0228
0274 0270 0230
0276 0272 0232
0278 0274 0234
0280 0276 0236
0282 0278 0236
0284 0280 0236
0286 0282 0238
0288 0284 0240
0290 0286 0242
0292 0288 0244
0294 0290 0246
0296 0292 0248
0298 0294 0250
0300 0296 0252
0302 0298 0254
0304 0300 0256
0306 0302 0256
0308 0304 0256
0310 0306 0258
0312 0308 0260
0314 0310 0262
0316 0312 0264
0318 0314 0266
0320 0316 0268
0322 0318 0270
0324 0320 0272
0326 0322 0274
0328 0324 0276
0330 0326 0276
0332 0328 0276
0334 0330 0278
0336 0332 0280
0338 0334 0282
0340 0336 0284
0342 0338 0286
0344 0340 0288
0346 0342 0290
0348 0344 0292
0350 0346 0294
0352 0348 0296
0354 0350 0296
0356 0352 0296
0358 0354 0298
0360 0356 0300
0362 0358 0302
0364 0360 0304
0366 0362 0306
0368 0364 0308
0370 0366 0310
0372 0368 0312
0374 0370 0314
0376 0372 0316
0378 0374 0316
0380 0376 0316
0382 0378 0318
0384 0380 0320
0386 0382 0322
0388 0384 0324
0390 0386 0326
0392 0388 0328
0394 0390 0330
0396 0392 0332
0398 0394 0334
0400 0396 0336
0402 0398 0336
0404 0400 0336
0406 0402 0338
0408 0404 0340
0410 0406 0342
0412 0408 0344
0414 0410 0346
0416 0412 0348
0418 0414 0350
0420 0416 0352
0422 0418 0354
0424 0420 0356
0426 0422 0356
0428 0424 0356
0430 0426 0358
0432 0428 0360
0434 0430 0362
0436 0432 0364
0438 0434 0366
0440 0436 0368
0442 0438 0370
0444 0440 0372
0446 0442 0374
0448 0444 0376
0450 0446 0376
0452 0448 0376
0454 0450 0378
0456 0452 0380
0458 0454 0382
0460 0456 0384
0462 0458 0386
0464 0460 0388
0466 0462 0390
0468 0464 0392
0470 0466 0394
0472 0468 0396
0474 0470 0396
0476 0472 0396
0478 0474 0398
0480 0476 0400
0482 0478 0402
0484 0480 0404
0486 0482 0406
0488 0484 0408
0490 0486 0410
0492 0488 0412
0494 0490 0414
0496 0492 0416
0498 0494 0416
0500 0496 0416
0502 0498 0418
0504 0500 0420
0506 0502 0422
0508 0504 0424
0510 0506 0426
0512 0508 0428
0514 0510 0430
0516 0512 0432
0518 0514 0434
0520 0516 0436
0522 0518 0436
0524 0520 0436
0526 0522 0438
0528 0524 0440
0530 0526 0442
0532 0528 0444
0534 0530 0446
0536 0532 0448
0538 0534 0450
0540 0536 0452
0542 0538 0454
0544 0540 0456
0546 0542 0458
0548 0544 0460
0550 0546 0460
0552 0548 0460
0554 0550 0462
0556 0552 0464
0558 0554 0466
0560 0556 0468
0562 0558 0470
0564 0560 0472
0566 0562 0474
0568 0564 0476
0570 0566 0478
0572 0568 0480
0574 0570 0480
0576 0572 0480
0578 0574 0482
0580 0576 0484
0582 0578 0486
0584 0580 0488
0586 0582 0490
0588 0584 0492
0590 0586 0494
0592 0588 0496
0594 0590 0498
0596 0592 0500
0598 0594 0500
0600 0596 0500
0602 0598 0502
0604 0600 0504
0606 0602 0506
0608 0604 0508
0610 0606 0510
0612 0608 0512
0614 0610 0514
0616 0612 0516
0618 0614 0518
0620 0616 0520
0622 0618 0520
0624 0620 0520
0626 0622 0522
0628 0624 0524
0630 0626 0526
0632 0628 0528
0634 0630 0530
0636 0632 0532
0638 0634 0534
0640 0636 0536
0642 0638 0538
0644 0640 0540
0646 0642 0540
0648 0644 0540
0650 0646 0542
0652 0648 0544
0654 0650 0546
0656 0652 0548
0658 0654 0550
0660 0656 0552
0662 0658 0554
0664 0660 0556
0666 0660 0558
0668 0660 0560
0670 0662 0560
0672 0664 0560
0674 0666 0562
0676 0668 0564
0678 0670 0566
0680 0672 0568
0682 0674 0570
0684 0676 0572
0686 0678 0574
0688 0680 0576
0690 0682 0578
0692 0684 0580
0694 0686 0580
0696 0688 0580
0698 0690 0582
0700 0692 0584
0702 0694 0586
0704 0696 0588
0706 0698 0590
0708 0700 0592
0710 0702 0594
0712 0704 0596
0714 0706 0598
0716 0708 0600
0718 0710 0600
0720 0712 0600
0722 0714 0602
0724 0716 0604
0726 0718 0606
0728 0720 0608
0730 0722 0610
0732 0724 0612
0734 0726 0614
0736 0728 0616
0738 0730 0618
0740 0732 0620
0742 0734 0620
0744 0736 0620
0746 0738 0622
0748 0740 0624
0750 0742 0626
0752 0744 0628
0754 0746 0630
0756 0748 0632
0758 0750 0634
0760 0752 0636
0762 0754 0638
0764 0756 0640
0766 0758 0640
0768 0760 0640
0770 0762 0642
0772 0764 0644
0774 0766 0646
0776 0768 0648
0778 0770 0650
0780 0772 0652
0782 0774 0654
0784 0776 0656
0786 0778 0658
0788 0780 0660
0790 0782 0660
0792 0784 0660
0794 0786 0662
0796 0788 0664
0798 0790 0666
0800 0792 0668
0802 0794 0670
0804 0796 0672
0806 0798 0674
0808 0800 0676
0810 0802 0678
0812 0804 0680
0814 0806 0682
0816 0808 0684
0818 0810 0684
0820 0812 0684
0822 0814 0686
0824 0816 0688
0826 0818 0690
0828 0820 0692
0830 0822 0694
0832 0824 0696
0834 0826 0698
0836 0828 0700
0838 0830 0702
0840 0832 0704
0842 0834 0704
0844 0836 0704
0846 0838 0706
0848 0840 0708
0850 0842 0710
0852 0844 0712
0854 0846 0714
0856 0848 0716
0858 0850 0718
0860 0852 0720
0862 0854 0722
0864 0856 0724
0866 0858 0724
0868 0860 0724
0870 0862 0726
0872 0864 0728
0874 0866 0730
0876 0868 0732
0878 0870 0734
0880 0872 0736
0882 0874 0738
0884 0876 0740
0886 0878 0742
0888 0880 0744
0890 0882 0744
0892 0884 0744
0894 0886 0746
0896 0888 0748
0898 0890 0750
0900 0892 0752
0902 0894 0754
0904 0896 0756
0906 0898 0758
0908 0900 0760
0910 0902 0762
0912 0904 0764
0914 0906 0764
0916 0908 0764
0918 0910 0766
0920 0912 0768
0922 0914 0770
0924 0916 0772
0926 0918 0774
0928 0920 0776
0930 0922 0778
0932 0924 0780
0934 0926 0782
0936 0928 0784
0938 0930 0784
0940 0932 0784
0942 0934 0786
0944 0936 0788
0946 0938 0790
0948 0940 0792
0950 0942 0794
0952 0944 0796
0954 0946 0798
0956 0948 0800
0958 0950 0802
0960 0952 0804
0962 0954 0804
0964 0956 0804
0966 0958 0806
0968 0960 0808
0970 0962 0810
0972 0964 0812
0974 0966 0814
0976 0968 0816
0978 0970 0818
0980 0972 0820
0982 0974 0822
0984 0976 0824
0986 0978 0824
0988 0980 0824
0990 0982 0826
0992 0984 0828
0994 0986 0830
0996 0988 0832
0998 0990 0834
1000 0992 0836
1002 0994 0838
1004 0996 0840
1006 0998 0842
1008 1000 0844
1010 1002 0844
1012 1004 0844
1014 1006 0846
1016 1008 0848
1018 1010 0850
1020 1012 0852
1020 1012 0852
