0000 0000 0000
0002 0002 0002
0004 0004 0004
0006 0006 0006
0008 0008 0008
0010 0010 0010
0012 0012 0012
0014 0014 0014
0016 0016 0016
0018 0018 0016
0020 0020 0016
0022 0022 0018
0024 0024 0020
0026 0026 0022
0028 0028 0024
0030 0030 0026
0032 0032 0028
0034 0034 0030
0036 0036 0032
0038 0038 0034
0040 0040 0036
0042 0042 0038
0044 0044 0040
0046 0046 0042
0048 0048 0044
0050 0050 0044
0052 0052 0044
0054 0054 0046
0056 0056 0048
0058 0058 0050
0060 0060 0052
0062 0062 0054
0064 0064 0056
0066 0066 0058
0068 0068 0060
0070 0070 0062
0072 0072 0064
0072 0074 0066
0072 0076 0068
0074 0078 0070
0076 0080 0072
0078 0082 0074
0080 0084 0076
0082 0086 0076
0084 0088 0076
0086 0090 0078
0088 0092 0080
0090 0094 0082
0092 0096 0084
0094 0098 0086
0096 0100 0088
0098 0102 0090
0100 0104 0092
0102 0106 0094
0104 0108 0096
0106 0110 0098
0108 0112 0100
0110 0114 0102
0112 0116 0104
0114 0118 0106
0116 0120 0108
0118 0122 0108
0120 0124 0108
0122 0126 0110
0124 0128 0112
0126 0130 0114
0128 0132 0116
0130 0134 0118
0132 0136 0120
0134 0138 0122
0136 0140 0124
0138 0142 0126
0140 0144 0128
0142 0146 0130
0144 0148 0132
0146 0150 0134
0148 0152 0136
0150 0154 0136
0152 0156 0136
0154 0158 0138
0156 0160 0140
0158 0162 0142
0160 0164 0144
0162 0166 0146
0164 0168 0148
0166 0170 0150
0168 0172 0152
0170 0174 0154
0172 0176 0156
0174 0178 0158
0176 0180 0160
0178 0182 0162
0180 0184 0164
0182 0186 0166
0184 0188 0168
0186 0190 0168
0188 0192 0168
0190 0194 0170
0192 0196 0172
0194 0198 0174
0196 0200 0176
0198 0202 0178
0200 0204 0180
0202 0206 0182
0204 0208 0184
0206 0210 0186
0208 0212 0188
0210 0214 0190
0212 0216 0192
0212 0218 0194
0212 0220 0196
0214 0222 0196
0216 0224 0196
0218 0226 0198
0220 0228 0200
0222 0230 0202
0224 0232 0204
0226 0234 0206
0228 0236 0208
0230 0238 0210
0232 0240 0212
0234 0242 0214
0236 0244 0216
0238 0246 0218
0240 0248 0220
0242 0250 0222
0244 0252 0224
0246 0254 0226
0248 0256 0228
0250 0258 0228
0252 0260 0228
0254 0262 0230
0256 0264 0232
0258 0266 0234
0260 0268 0236
0262 0270 0238
0264 0272 0240
0266 0274 0242
0268 0276 0244
0270 0278 0246
0272 0280 0248
0274 0282 0250
0276 0284 0252
0278 0286 0254
0280 0288 0256
0282 0290 0258
0284 0292 0260
0286 0294 0260
0288 0296 0260
0290 0298 0262
0292 0300 0264
0294 0302 0266
0296 0304 0268
0298 0306 0270
0300 0308 0272
0302 0310 0274
0304 0312 0276
0306 0314 0278
0308 0316 0280
0310 0318 0282
0312 0320 0284
0314 0322 0286
0316 0324 0288
0318 0326 0288
0320 0328 0288
0322 0330 0290
0324 0332 0292
0326 0334 0294
0328 0336 0296
0330 0338 0298
0332 0340 0300
0334 0342 0302
0336 0344 0304
0338 0346 0306
0340 0348 0308
0342 0350 0310
0344 0352 0312
0346 0354 0314
0348 0356 0316
0350 0358 0318
0352 0360 0320
0354 0362 0320
0356 0364 0320
0356 0366 0322
0356 0368 0324
0358 0370 0326
0360 0372 0328
0362 0374 0330
0364 0376 0332
0366 0378 0334
0368 0380 0336
0370 0382 0338
0372 0384 0340
0374 0386 0342
0376 0388 0344
0378 0390 0346
0380 0392 0348
0382 0394 0350
0384 0396 0352
0386 0398 0352
0388 0400 0352
0390 0402 0354
0392 0404 0356
0394 0406 0358
0396 0408 0360
0398 0410 0362
0400 0412 0364
0402 0414 0366
0404 0416 0368
0406 0418 0370
0408 0420 0372
0410 0422 0374
0412 0424 0376
0414 0426 0378
0416 0428 0380
0418 0430 0380
0420 0432 0380
0422 0434 0382
0424 0436 0384
0426 0438 0386
0428 0440 0388
0430 0442 0390
0432 0444 0392
0434 0446 0394
0436 0448 0396
0438 0450 0398
0440 0452 0400
0442 0454 0402
0444 0456 0404
0446 0458 0406
0448 0460 0408
0450 0462 0410
0452 0464 0412
0454 0466 0412
0456 0468 0412
0458 0470 0414
0460 0472 0416
0462 0474 0418
0464 0476 0420
0466 0478 0422
0468 0480 0424
0470 0482 0426
0472 0484 0428
0474 0486 0430
0476 0488 0432
0478 0490 0434
0480 0492 0436
0482 0494 0438
0484 0496 0440
0486 0498 0440
0488 0500 0440
0490 0502 0442
0492 0504 0444
0494 0506 0446
0496 0508 0448
0496 0510 0450
0496 0512 0452
0498 0514 0454
0500 0516 0456
0502 0518 0458
0504 0520 0460
0506 0522 0462
0508 0524 0464
0510 0526 0466
0512 0528 0468
0514 0530 0470
0516 0532 0472
0518 0534 0472
0520 0536 0472
0522 0538 0474
0524 0540 0476
0526 0542 0478
0528 0544 0480
0530 0546 0482
0532 0548 0484
0534 0550 0486
0536 0552 0488
0538 0554 0490
0540 0556 0492
0542 0558 0494
0544 0560 0496
0546 0562 0498
0548 0564 0500
0550 0566 0502
0552 0568 0504
0554 0570 0504
0556 0572 0504
0558 0574 0506
0560 0576 0508
0562 0578 0510
0564 0580 0512
0566 0582 0514
0568 0584 0516
0570 0586 0518
0572 0588 0520
0574 0590 0522
0576 0592 0524
0578 0594 0526
0580 0596 0528
0582 0598 0530
0584 0600 0532
0586 0602 0532
0588 0604 0532
0590 0606 0534
0592 0608 0536
0594 0610 0538
0596 0612 0540
0598 0614 0542
0600 0616 0544
0602 0618 0546
0604 0620 0548
0606 0622 0550
0608 0624 0552
0610 0626 0554
0612 0628 0556
0614 0630 0558
0616 0632 0560
0618 0634 0562
0620 0636 0564
0622 0638 0564
0624 0640 0564
0626 0642 0566
0628 0644 0568
0630 0646 0570
0632 0648 0572
0634 0650 0574
0636 0652 0576
0638 0654 0578
0640 0656 0580
0640 0658 0582
0640 0660 0584
0642 0662 0586
0644 0664 0588
0646 0666 0590
0648 0668 0592
0650 0670 0592
0652 0672 0592
0654 0674 0594
0656 0676 0596
0658 0678 0598
0660 0680 0600
0662 0682 0602
0664 0684 0604
0666 0686 0606
0668 0688 0608
0670 0690 0610
0672 0692 0612
0674 0694 0614
0676 0696 0616
0678 0698 0618
0680 0700 0620
0682 0702 0622
0684 0704 0624
0686 0706 0624
0688 0708 0624
0690 0710 0626
0692 0712 0628
0694 0714 0630
0696 0716 0632
0698 0718 0634
0700 0720 0636
0702 0722 0638
0704 0724 0640
0706 0726 0642
0708 0728 0644
0710 0730 0646
0712 0732 0648
0714 0734 0650
0716 0736 0652
0718 0738 0654
0720 0740 0656
0722 0742 0656
0724 0744 0656
0726 0746 0658
0728 0748 0660
0730 0750 0662
0732 0752 0664
0734 0754 0666
0736 0756 0668
0738 0758 0670
0740 0760 0672
0742 0762 0674
0744 0764 0676
0746 0766 0678
0748 0768 0680
0750 0770 0682
0752 0772 0684
0754 0774 0684
0756 0776 0684
0758 0778 0686
0760 0780 0688
0762 0782 0690
0764 0784 0692
0766 0786 0694
0768 0788 0696
0770 0790 0698
0772 0792 0700
0774 0794 0702
0776 0796 0704
0778 0798 0706
0780 0800 0708
0782 0802 0710
0784 0804 0712
0784 0806 0714
0784 0808 0716
0786 0810 0716
0788 0812 0716
0790 0814 0718
0792 0816 0720
0794 0818 0722
0796 0820 0724
0798 0822 0726
0800 0824 0728
0802 0826 0730
0804 0828 0732
0806 0830 0734
0808 0832 0736
0810 0834 0738
0812 0836 0740
0814 0838 0742
0816 0840 0744
0818 0842 0744
0820 0844 0744
0822 0846 0746
0824 0848 0748
0826 0850 0750
0828 0852 0752
0830 0854 0754
0832 0856 0756
0834 0858 0758
0836 0860 0760
0838 0862 0762
0840 0864 0764
0842 0866 0766
0844 0868 0768
0846 0870 0770
0848 0872 0772
0850 0874 0774
0852 0876 0776
0854 0878 0776
0856 0880 0776
0858 0882 0778
0860 0884 0780
0862 0884 0782
0864 0884 0784
0866 0886 0786
0868 0888 0788
0870 0890 0790
0872 0892 0792
0874 0894 0794
0876 0896 0796
0878 0898 0798
0880 0900 0800
0882 0902 0802
0884 0904 0804
0886 0906 0806
0888 0908 0808
0890 0910 0808
0892 0912 0808
0894 0914 0810
0896 0916 0812
0898 0918 0814
0900 0920 0816
0902 0922 0818
0904 0924 0820
0906 0926 0822
0908 0928 0824
0910 0930 0826
0912 0932 0828
0914 0934 0830
0916 0936 0832
0918 0938 0834
0920 0940 0836
0922 0942 0836
0924 0944 0836
0924 0946 0838
0924 0948 0840
0926 0950 0842
0928 0952 0844
0930 0954 0846
0932 0956 0848
0934 0958 0850
0936 0960 0852
0938 0962 0854
0940 0964 0856
0942 0966 0858
0944 0968 0860
0946 0970 0862
0948 0972 0864
0950 0974 0866
0952 0976 0868
0954 0978 0868
0956 0980 0868
0958 0982 0870
0960 0984 0872
0962 0986 0874
0964 0988 0876
0966 0990 0878
0968 0992 0880
0970 0994 0882
0972 0996 0884
0974 0998 0886
0976 1000 0888
0978 1002 0890
0980 1004 0892
0982 1006 0894
0984 1008 0896
0986 1010 0896
0988 1012 0896
0990 1014 0898
0992 1016 0900
0992 1016 0900
