0000 0000 0000
0002 0002 0002
0004 0004 0004
0006 0006 0006
0008 0008 0008
0010 0010 0010
0012 0012 0012
0014 0014 0014
0016 0016 0016
0018 0018 0018
0020 0020 0020
0022 0022 0022
0024 0024 0024
0026 0026 0026
0028 0028 0028
0028 0030 0030
0028 0032 0032
0030 0034 0034
0032 0036 0036
0034 0038 0038
0036 0040 0040
0038 0042 0042
0040 0044 0044
0042 0046 0046
0044 0048 0048
0046 0050 0050
0048 0052 0052
0050 0054 0054
0052 0056 0056
0054 0058 0058
0056 0060 0060
0058 0062 0062
0060 0064 0064
0062 0066 0066
0064 0068 0068
0066 0070 0070
0068 0072 0072
0070 0074 0074
0072 0076 0076
0074 0078 0078
0076 0080 0080
0078 0082 0082
0080 0084 0084
0080 0086 0086
0080 0088 0088
0082 0090 0090
0084 0092 0092
0086 0094 0094
0088 0096 0096
0090 0098 0098
0092 0100 0100
0094 0100 0102
0096 0100 0104
0098 0102 0106
0100 0104 0108
0102 0106 0110
0104 0108 0112
0106 0110 0114
0108 0112 0116
0110 0114 0118
0112 0116 0120
0114 0118 0122
0116 0120 0124
0118 0122 0126
0120 0124 0128
0122 0126 0130
0124 0128 0132
0126 0130 0134
0128 0132 0136
0130 0134 0138
0132 0136 0140
0132 0138 0142
0132 0140 0144
0134 0142 0146
0136 0144 0148
0138 0146 0150
0140 0148 0152
0142 0150 0154
0144 0152 0156
0146 0154 0158
0148 0156 0160
0150 0158 0162
0152 0160 0164
0154 0162 0166
0156 0164 0168
0158 0166 0170
0160 0168 0172
0162 0170 0174
0164 0172 0176
0166 0174 0178
0168 0176 0180
0170 0178 0182
0172 0180 0184
0174 0182 0186
0176 0184 0188
0178 0186 0190
0180 0188 0192
0182 0190 0194
0184 0192 0196
0184 0194 0198
0184 0196 0200
0186 0198 0202
0188 0200 0204
0190 0202 0206
0192 0204 0208
0194 0206 0210
0196 0208 0212
0198 0210 0214
0200 0212 0216
0202 0214 0218
0204 0216 0220
0206 0218 0222
0208 0220 0224
0210 0222 0226
0212 0224 0228
0214 0226 0230
0216 0228 0232
0218 0230 0234
0220 0232 0236
0222 0234 0238
0224 0236 0240
0226 0238 0242
0228 0240 0244
0230 0242 0246
0232 0244 0248
0234 0246 0250
0236 0248 0252
0236 0250 0254
0236 0252 0256
0238 0254 0258
0240 0256 0260
0242 0258 0262
0244 0260 0264
0246 0262 0266
0248 0264 0268
0250 0266 0270
0252 0268 0272
0254 0270 0274
0256 0272 0276
0258 0274 0278
0260 0276 0280
0262 0278 0282
0264 0280 0284
0266 0282 0286
0268 0284 0288
0270 0286 0290
0272 0288 0292
0274 0290 0294
0276 0292 0296
0278 0294 0298
0280 0296 0300
0282 0296 0302
0284 0296 0304
0286 0298 0306
0288 0300 0308
0290 0302 0310
0292 0304 0312
0292 0306 0314
0292 0308 0316
0294 0310 0318
0296 0312 0320
0298 0314 0322
0300 0316 0324
0302 0318 0326
0304 0320 0328
0306 0322 0330
0308 0324 0332
0310 0326 0334
0312 0328 0336
0314 0330 0338
0316 0332 0340
0318 0334 0342
0320 0336 0344
0322 0338 0346
0324 0340 0348
0326 0342 0350
0328 0344 0352
0330 0346 0354
0332 0348 0356
0334 0350 0358
0336 0352 0360
0338 0354 0362
0340 0356 0364
0342 0358 0366
0344 0360 0368
0344 0362 0370
0344 0364 0372
0346 0366 0374
0348 0368 0376
0350 0370 0378
0352 0372 0380
0354 0374 0382
0356 0376 0384
0358 0378 0386
0360 0380 0388
0362 0382 0390
0364 0384 0392
0366 0386 0394
0368 0388 0396
0370 0390 0398
0372 0392 0400
0374 0394 0402
0376 0396 0404
0378 0398 0406
0380 0400 0408
0382 0402 0410
0384 0404 0412
0386 0406 0414
0388 0408 0416
0390 0410 0418
0392 0412 0420
0394 0414 0422
0396 0416 0424
0396 0418 0426
0396 0420 0428
0398 0422 0430
0400 0424 0432
0402 0426 0434
0404 0428 0436
0406 0430 0438
0408 0432 0440
0410 0434 0442
0412 0436 0444
0414 0438 0446
0416 0440 0448
0418 0442 0450
0420 0444 0452
0422 0446 0454
0424 0448 0456
0426 0450 0458
0428 0452 0460
0430 0454 0462
0432 0456 0464
0434 0458 0466
0436 0460 0468
0438 0462 0470
0440 0464 0472
0442 0466 0474
0444 0468 0476
0446 0470 0478
0448 0472 0480
0448 0474 0482
0448 0476 0484
0450 0478 0486
0452 0480 0488
0454 0482 0490
0456 0484 0492
0458 0486 0494
0460 0488 0496
0462 0490 0498
0464 0492 0500
0466 0492 0502
0468 0492 0504
0470 0494 0506
0472 0496 0508
0474 0498 0510
0476 0500 0512
0478 0502 0514
0480 0504 0516
0482 0506 0518
0484 0508 0520
0486 0510 0522
0488 0512 0524
0490 0514 0526
0492 0516 0528
0494 0518 0530
0496 0520 0532
0498 0522 0534
0500 0524 0536
0500 0526 0538
0500 0528 0540
0502 0530 0542
0504 0532 0544
0506 0534 0546
0508 0536 0548
0510 0538 0550
0512 0540 0552
0514 0542 0554
0516 0544 0556
0518 0546 0558
0520 0548 0560
0522 0550 0562
0524 0552 0564
0526 0554 0566
0528 0556 0568
0530 0558 0570
0532 0560 0572
0534 0562 0574
0536 0564 0576
0538 0566 0578
0540 0568 0580
0542 0570 0582
0544 0572 0584
0546 0574 0586
0548 0576 0588
0550 0578 0590
0552 0580 0592
0554 0582 0594
0556 0584 0596
0556 0586 0598
0556 0588 0600
0558 0590 0602
0560 0592 0604
0562 0594 0606
0564 0596 0608
0566 0598 0610
0568 0600 0612
0570 0602 0614
0572 0604 0616
0574 0606 0618
0576 0608 0620
0578 0610 0622
0580 0612 0624
0582 0614 0626
0584 0616 0628
0586 0618 0630
0588 0620 0632
0590 0622 0634
0592 0624 0636
0594 0626 0638
0596 0628 0640
0598 0630 0642
0600 0632 0644
0602 0634 0646
0604 0636 0648
0606 0638 0650
0608 0640 0652
0608 0642 0654
0608 0644 0656
0610 0646 0658
0612 0648 0660
0614 0650 0662
0616 0652 0664
0618 0654 0666
0620 0656 0668
0622 0658 0670
0624 0660 0672
0626 0662 0674
0628 0664 0676
0630 0666 0678
0632 0668 0680
0634 0670 0682
0636 0672 0684
0638 0674 0686
0640 0676 0688
0642 0678 0690
0644 0680 0692
0646 0682 0694
0648 0684 0696
0650 0686 0698
0652 0688 0700
0654 0688 0702
0656 0688 0704
0658 0690 0706
0660 0692 0708
0660 0694 0710
0660 0696 0712
0662 0698 0714
0664 0700 0716
0666 0702 0718
0668 0704 0720
0670 0706 0722
0672 0708 0724
0674 0710 0726
0676 0712 0728
0678 0714 0730
0680 0716 0732
0682 0718 0734
0684 0720 0736
0686 0722 0738
0688 0724 0740
0690 0726 0742
0692 0728 0744
0694 0730 0746
0696 0732 0748
0698 0734 0750
0700 0736 0752
0702 0738 0754
0704 0740 0756
0706 0742 0758
0708 0744 0760
0710 0746 0762
0712 0748 0764
0712 0750 0766
0712 0752 0768
0714 0754 0770
0716 0756 0772
0718 0758 0774
0720 0760 0776
0722 0762 0778
0724 0764 0780
0726 0766 0782
0728 0768 0784
0730 0770 0786
0732 0772 0788
0734 0774 0790
0736 0776 0792
0738 0778 0794
0740 0780 0796
0742 0782 0798
0744 0784 0800
0746 0786 0802
0748 0788 0804
0750 0790 0806
0752 0792 0808
0754 0794 0810
0756 0796 0812
0758 0798 0814
0760 0800 0816
0762 0802 0818
0764 0804 0820
0764 0806 0822
0764 0808 0824
0766 0810 0826
0768 0812 0828
0770 0814 0830
0772 0816 0832
0774 0818 0834
0776 0820 0836
0778 0822 0838
0780 0824 0840
0782 0826 0842
0784 0828 0844
0786 0830 0846
0788 0832 0848
0790 0834 0850
0792 0836 0852
0794 0838 0854
0796 0840 0856
0798 0842 0858
0800 0844 0860
0802 0846 0862
0804 0848 0864
0806 0850 0866
0808 0852 0868
0810 0854 0870
0812 0856 0872
0814 0858 0874
0816 0860 0876
0816 0862 0878
0816 0864 0880
0818 0866 0882
0820 0868 0884
0822 0870 0886
0824 0872 0888
0826 0874 0890
0828 0876 0892
0830 0878 0894
0832 0880 0896
0834 0882 0898
0836 0884 0900
0838 0884 0902
0840 0884 0904
0842 0886 0906
0844 0888 0908
0846 0890 0910
0848 0892 0912
0850 0894 0914
0852 0896 0916
0854 0898 0918
0856 0900 0920
0858 0902 0922
0860 0904 0924
0862 0906 0926
0864 0908 0928
0866 0910 0930
0868 0912 0932
0870 0914 0934
0872 0916 0936
0872 0918 0938
0872 0920 0940
0874 0922 0942
0876 0924 0944
0878 0926 0946
0880 0928 0948
0882 0930 0950
0884 0932 0952
0886 0934 0954
0888 0936 0956
0890 0938 0958
0892 0940 0960
0894 0942 0962
0896 0944 0964
0898 0946 0966
0900 0948 0968
0902 0950 0970
0904 0952 0972
0906 0954 0974
0908 0956 0976
0910 0958 0978
0912 0960 0980
0914 0962 0982
0916 0964 0984
0918 0966 0986
0920 0968 0988
0922 0970 0990
0924 0972 0992
0924 0974 0994
0924 0976 0996
0926 0978 0998
0928 0980 1000
0930 0982 1002
0932 0984 1004
0934 0986 1006
0936 0988 1008
0938 0990 1010
0940 0992 1012
0942 0994 1014
0944 0996 1016
0946 0998 1018
0948 1000 1020
0948 1000 1020
