0000 0000 0000
0002 0002 0002
0004 0004 0004
0006 0006 0006
0008 0008 0008
0010 0010 0010
0012 0012 0012
0014 0014 0014
0016 0016 0016
0018 0018 0018
0020 0020 0020
0022 0022 0022
0024 0024 0024
0026 0026 0026
0028 0028 0028
0030 0030 0030
0032 0032 0032
0032 0034 0034
0032 0036 0036
0034 0038 0038
0036 0040 0040
0038 0042 0042
0040 0044 0044
0042 0046 0046
0044 0048 0048
0046 0050 0050
0048 0052 0052
0050 0054 0054
0052 0056 0056
0054 0058 0058
0056 0060 0060
0058 0062 0062
0060 0064 0064
0062 0066 0066
0064 0068 0068
0066 0070 0070
0068 0072 0072
0070 0074 0074
0072 0076 0076
0074 0078 0078
0076 0080 0080
0078 0082 0082
0080 0084 0084
0082 0086 0086
0084 0088 0088
0086 0090 0090
0088 0092 0092
0090 0094 0094
0092 0096 0096
0092 0098 0098
0092 0100 0100
0094 0102 0102
0096 0104 0104
0098 0106 0106
0100 0108 0108
0102 0110 0110
0104 0112 0112
0106 0112 0114
0108 0112 0116
0110 0114 0118
0112 0116 0120
0114 0118 0122
0116 0120 0124
0118 0122 0126
0120 0124 0128
0122 0126 0130
0124 0128 0132
0126 0130 0134
0128 0132 0136
0130 0134 0138
0132 0136 0140
0134 0138 0142
0136 0140 0144
0138 0142 0146
0140 0144 0148
0142 0146 0150
0144 0148 0152
0146 0150 0154
0148 0152 0156
0150 0154 0158
0152 0156 0160
0152 0158 0162
0152 0160 0164
0154 0162 0166
0156 0164 0168
0158 0166 0170
0160 0168 0172
0162 0170 0174
0164 0172 0176
0166 0174 0178
0168 0176 0180
0170 0178 0182
0172 0180 0184
0174 0182 0186
0176 0184 0188
0178 0186 0190
0180 0188 0192
0182 0190 0194
0184 0192 0196
0186 0194 0198
0188 0196 0200
0190 0198 0202
0192 0200 0204
0194 0202 0206
0196 0204 0208
0198 0206 0210
0200 0208 0212
0202 0210 0214
0204 0212 0216
0206 0214 0218
0208 0216 0220
0210 0218 0222
0212 0220 0224
0212 0222 0226
0212 0224 0228
0214 0226 0230
0216 0228 0232
0218 0230 0234
0220 0232 0236
0222 0234 0238
0224 0236 0240
0226 0238 0242
0228 0240 0244
0230 0242 0246
0232 0244 0248
0234 0246 0250
0236 0248 0252
0238 0250 0254
0240 0252 0256
0242 0254 0258
0244 0256 0260
0246 0258 0262
0248 0260 0264
0250 0262 0266
0252 0264 0268
0254 0266 0270
0256 0268 0272
0258 0270 0274
0260 0272 0276
0262 0274 0278
0264 0276 0280
0266 0278 0282
0268 0280 0284
0270 0282 0286
0272 0284 0288
0272 0286 0290
0272 0288 0292
0274 0290 0294
0276 0292 0296
0278 0294 0298
0280 0296 0300
0282 0298 0302
0284 0300 0304
0286 0302 0306
0288 0304 0308
0290 0306 0310
0292 0308 0312
0294 0310 0314
0296 0312 0316
0298 0314 0318
0300 0316 0320
0302 0318 0322
0304 0320 0324
0306 0322 0326
0308 0324 0328
0310 0326 0330
0312 0328 0332
0314 0330 0334
0316 0332 0336
0318 0334 0338
0320 0336 0340
0322 0338 0342
0324 0340 0344
0326 0340 0346
0328 0340 0348
0330 0342 0350
0332 0344 0352
0334 0346 0354
0336 0348 0356
0336 0350 0358
0336 0352 0360
0338 0354 0362
0340 0356 0364
0342 0358 0366
0344 0360 0368
0346 0362 0370
0348 0364 0372
0350 0366 0374
0352 0368 0376
0354 0370 0378
0356 0372 0380
0358 0374 0382
0360 0376 0384
0362 0378 0386
0364 0380 0388
0366 0382 0390
0368 0384 0392
0370 0386 0394
0372 0388 0396
0374 0390 0398
0376 0392 0400
0378 0394 0402
0380 0396 0404
0382 0398 0406
0384 0400 0408
0386 0402 0410
0388 0404 0412
0390 0406 0414
0392 0408 0416
0394 0410 0418
0396 0412 0420
0396 0414 0422
0396 0416 0424
0398 0418 0426
0400 0420 0428
0402 0422 0430
0404 0424 0432
0406 0426 0434
0408 0428 0436
0410 0430 0438
0412 0432 0440
0414 0434 0442
0416 0436 0444
0418 0438 0446
0420 0440 0448
0422 0442 0450
0424 0444 0452
0426 0446 0454
0428 0448 0456
0430 0450 0458
0432 0452 0460
0434 0454 0462
0436 0456 0464
0438 0458 0466
0440 0460 0468
0442 0462 0470
0444 0464 0472
0446 0466 0474
0448 0468 0476
0450 0470 0478
0452 0472 0480
0454 0474 0482
0456 0476 0484
0456 0478 0486
0456 0480 0488
0458 0482 0490
0460 0484 0492
0462 0486 0494
0464 0488 0496
0466 0490 0498
0468 0492 0500
0470 0494 0502
0472 0496 0504
0474 0498 0506
0476 0500 0508
0478 0502 0510
0480 0504 0512
0482 0506 0514
0484 0508 0516
0486 0510 0518
0488 0512 0520
0490 0514 0522
0492 0516 0524
0494 0518 0526
0496 0520 0528
0498 0522 0530
0500 0524 0532
0502 0526 0534
0504 0528 0536
0506 0530 0538
0508 0532 0540
0510 0534 0542
0512 0536 0544
0514 0538 0546
0516 0540 0548
0516 0542 0550
0516 0544 0552
0518 0546 0554
0520 0548 0556
0522 0550 0558
0524 0552 0560
0526 0554 0562
0528 0556 0564
0530 0558 0566
0532 0560 0568
0534 0562 0570
0536 0564 0572
0538 0564 0574
0540 0564 0576
0542 0566 0578
0544 0568 0580
0546 0570 0582
0548 0572 0584
0550 0574 0586
0552 0576 0588
0554 0578 0590
0556 0580 0592
0558 0582 0594
0560 0584 0596
0562 0586 0598
0564 0588 0600
0566 0590 0602
0568 0592 0604
0570 0594 0606
0572 0596 0608
0574 0598 0610
0576 0600 0612
0578 0602 0614
0580 0604 0616
0580 0606 0618
0580 0608 0620
0582 0610 0622
0584 0612 0624
0586 0614 0626
0588 0616 0628
0590 0618 0630
0592 0620 0632
0594 0622 0634
0596 0624 0636
0598 0626 0638
0600 0628 0640
0602 0630 0642
0604 0632 0644
0606 0634 0646
0608 0636 0648
0610 0638 0650
0612 0640 0652
0614 0642 0654
0616 0644 0656
0618 0646 0658
0620 0648 0660
0622 0650 0662
0624 0652 0664
0626 0654 0666
0628 0656 0668
0630 0658 0670
0632 0660 0672
0634 0662 0674
0636 0664 0676
0638 0666 0678
0640 0668 0680
0640 0670 0682
0640 0672 0684
0642 0674 0686
0644 0676 0688
0646 0678 0690
0648 0680 0692
0650 0682 0694
0652 0684 0696
0654 0686 0698
0656 0688 0700
0658 0690 0702
0660 0692 0704
0662 0694 0706
0664 0696 0708
0666 0698 0710
0668 0700 0712
0670 0702 0714
0672 0704 0716
0674 0706 0718
0676 0708 0720
0678 0710 0722
0680 0712 0724
0682 0714 0726
0684 0716 0728
0686 0718 0730
0688 0720 0732
0690 0722 0734
0692 0724 0736
0694 0726 0738
0696 0728 0740
0698 0730 0742
0700 0732 0744
0700 0734 0746
0700 0736 0748
0702 0738 0750
0704 0740 0752
0706 0742 0754
0708 0744 0756
0710 0746 0758
0712 0748 0760
0714 0750 0762
0716 0752 0764
0718 0754 0766
0720 0756 0768
0722 0758 0770
0724 0760 0772
0726 0762 0774
0728 0764 0776
0730 0766 0778
0732 0768 0780
0734 0770 0782
0736 0772 0784
0738 0774 0786
0740 0776 0788
0742 0778 0790
0744 0780 0792
0746 0782 0794
0748 0784 0796
0750 0786 0798
0752 0788 0800
0754 0788 0802
0756 0788 0804
0758 0790 0806
0760 0792 0808
0760 0794 0810
0760 0796 0812
0762 0798 0814
0764 0800 0816
0766 0802 0818
0768 0804 0820
0770 0806 0822
0772 0808 0824
0774 0810 0826
0776 0812 0828
0778 0814 0830
0780 0816 0832
0782 0818 0834
0784 0820 0836
0786 0822 0838
0788 0824 0840
0790 0826 0842
0792 0828 0844
0794 0830 0846
0796 0832 0848
0798 0834 0850
0800 0836 0852
0802 0838 0854
0804 0840 0856
0806 0842 0858
0808 0844 0860
0810 0846 0862
0812 0848 0864
0814 0850 0866
0816 0852 0868
0818 0854 0870
0820 0856 0872
0820 0858 0874
0820 0860 0876
0822 0862 0878
0824 0864 0880
0826 0866 0882
0828 0868 0884
0830 0870 0886
0832 0872 0888
0834 0874 0890
0836 0876 0892
0838 0878 0894
0840 0880 0896
0842 0882 0898
0844 0884 0900
0846 0886 0902
0848 0888 0904
0850 0890 0906
0852 0892 0908
0854 0894 0910
0856 0896 0912
0858 0898 0914
0860 0900 0916
0862 0902 0918
0864 0904 0920
0866 0906 0922
0868 0908 0924
0870 0910 0926
0872 0912 0928
0874 0914 0930
0876 0916 0932
0878 0918 0934
0880 0920 0936
0882 0922 0938
0884 0924 0940
0884 0926 0942
0884 0928 0944
0886 0930 0946
0888 0932 0948
0890 0934 0950
0892 0936 0952
0894 0938 0954
0896 0940 0956
0898 0942 0958
0900 0944 0960
0902 0946 0962
0904 0948 0964
0906 0950 0966
0908 0952 0968
0910 0954 0970
0912 0956 0972
0914 0958 0974
0916 0960 0976
0918 0962 0978
0920 0964 0980
0922 0966 0982
0924 0968 0984
0926 0970 0986
0928 0972 0988
0930 0974 0990
0932 0976 0992
0934 0978 0994
0936 0980 0996
0938 0982 0998
0940 0984 1000
0942 0986 1002
0944 0988 1004
0944 0990 1006
0944 0992 1008
0946 0994 1010
0948 0996 1012
0950 0998 1014
0952 1000 1016
0954 1002 1018
0956 1004 1020
0956 1004 1020
