0000 0000 0000
0002 0002 0002
0004 0004 0004
0006 0006 0006
0008 0008 0008
0010 0010 0010
0012 0012 0012
0014 0014 0012
0016 0016 0012
0018 0018 0014
0020 0020 0016
0022 0022 0018
0024 0024 0020
0026 0026 0022
0028 0028 0024
0030 0030 0026
0032 0032 0028
0034 0034 0030
0036 0036 0032
0038 0038 0034
0040 0040 0036
0042 0042 0036
0044 0044 0036
0046 0046 0038
0048 0048 0040
0050 0050 0042
0052 0052 0044
0054 0054 0046
0056 0056 0048
0058 0058 0050
0060 0060 0052
0062 0062 0054
0064 0064 0056
0066 0066 0056
0068 0068 0056
0070 0070 0058
0072 0072 0060
0074 0074 0062
0076 0076 0064
0078 0078 0066
0080 0080 0068
0082 0082 0070
0084 0084 0072
0086 0086 0074
0088 0088 0076
0090 0090 0078
0092 0092 0080
0094 0094 0080
0096 0096 0080
0098 0098 0082
0100 0100 0084
0102 0102 0086
0104 0104 0088
0106 0106 0090
0108 0108 0092
0110 0110 0094
0112 0112 0096
0114 0114 0098
0116 0116 0100
0118 0118 0102
0120 0120 0104
0122 0122 0104
0124 0124 0104
0126 0126 0106
0128 0128 0108
0130 0130 0110
0132 0132 0112
0134 0134 0114
0136 0136 0116
0138 0138 0118
0140 0140 0120
0142 0142 0122
0144 0144 0124
0146 0146 0126
0148 0148 0128
0150 0150 0128
0152 0152 0128
0154 0154 0130
0156 0156 0132
0158 0158 0134
0160 0160 0136
0162 0162 0138
0164 0164 0140
0166 0166 0142
0168 0168 0144
0170 0170 0146
0172 0172 0148
0174 0174 0148
0176 0176 0148
0178 0178 0150
0180 0180 0152
0182 0182 0154
0184 0184 0156
0186 0186 0158
0188 0188 0160
0190 0190 0162
0192 0192 0164
0194 0194 0166
0196 0196 0168
0198 0198 0170
0200 0200 0172
0202 0202 0172
0204 0204 0172
0206 0206 0174
0208 0208 0176
0210 0210 0178
0212 0212 0180
0214 0214 0182
0216 0216 0184
0216 0218 0186
0216 0220 0188
0218 0222 0190
0220 0224 0192
0222 0226 0194
0224 0228 0196
0226 0230 0196
0228 0232 0196
0230 0234 0198
0232 0236 0200
0234 0238 0202
0236 0240 0204
0238 0242 0206
0240 0244 0208
0242 0246 0210
0244 0248 0212
0246 0250 0214
0248 0252 0216
0250 0254 0218
0252 0256 0220
0254 0258 0220
0256 0260 0220
0258 0262 0222
0260 0264 0224
0262 0266 0226
0264 0268 0228
0266 0270 0230
0268 0272 0232
0270 0274 0234
0272 0276 0236
0274 0278 0238
0276 0280 0240
0278 0282 0240
0280 0284 0240
0282 0286 0242
0284 0288 0244
0286 0290 0246
0288 0292 0248
0290 0292 0250
0292 0292 0252
0294 0294 0254
0296 0296 0256
0298 0298 0258
0300 0300 0260
0302 0302 0262
0304 0304 0264
0306 0306 0264
0308 0308 0264
0310 0310 0266
0312 0312 0268
0314 0314 0270
0316 0316 0272
0318 0318 0274
0320 0320 0276
0322 0322 0278
0324 0324 0280
0326 0326 0282
0328 0328 0284
0330 0330 0286
0332 0332 0288
0334 0334 0288
0336 0336 0288
0338 0338 0290
0340 0340 0292
0342 0342 0294
0344 0344 0296
0346 0346 0298
0348 0348 0300
0350 0350 0302
0352 0352 0304
0354 0354 0306
0356 0356 0308
0358 0358 0310
0360 0360 0312
0362 0362 0312
0364 0364 0312
0366 0366 0314
0368 0368 0316
0370 0370 0318
0372 0372 0320
0374 0374 0322
0376 0376 0324
0378 0378 0326
0380 0380 0328
0382 0382 0330
0384 0384 0332
0386 0386 0332
0388 0388 0332
0390 0390 0334
0392 0392 0336
0394 0394 0338
0396 0396 0340
0398 0398 0342
0400 0400 0344
0402 0402 0346
0404 0404 0348
0406 0406 0350
0408 0408 0352
0410 0410 0354
0412 0412 0356
0414 0414 0356
0416 0416 0356
0418 0418 0358
0420 0420 0360
0422 0422 0362
0424 0424 0364
0426 0426 0366
0428 0428 0368
0430 0430 0370
0432 0432 0372
0434 0434 0374
0436 0436 0376
0438 0438 0378
0440 0440 0380
0442 0442 0380
0444 0444 0380
0446 0446 0382
0448 0448 0384
0450 0450 0386
0452 0452 0388
0454 0454 0390
0456 0456 0392
0458 0458 0394
0460 0460 0396
0462 0462 0398
0464 0464 0400
0466 0466 0402
0468 0468 0404
0470 0470 0404
0472 0472 0404
0474 0474 0406
0476 0476 0408
0478 0478 0410
0480 0480 0412
0482 0482 0414
0484 0484 0416
0486 0486 0418
0488 0488 0420
0490 0490 0422
0492 0492 0424
0494 0494 0424
0496 0496 0424
0498 0498 0426
0500 0500 0428
0502 0502 0430
0504 0504 0432
0506 0506 0434
0508 0508 0436
0510 0510 0438
0512 0512 0440
0514 0514 0442
0516 0516 0444
0518 0518 0446
0520 0520 0448
0522 0522 0448
0524 0524 0448
0526 0526 0450
0528 0528 0452
0530 0530 0454
0532 0532 0456
0534 0534 0458
0536 0536 0460
0538 0538 0462
0540 0540 0464
0542 0542 0466
0544 0544 0468
0546 0546 0470
0548 0548 0472
0550 0550 0472
0552 0552 0472
0554 0554 0474
0556 0556 0476
0558 0558 0478
0560 0560 0480
0562 0562 0482
0564 0564 0484
0566 0566 0486
0568 0568 0488
0570 0570 0490
0572 0572 0492
0574 0574 0494
0576 0576 0496
0578 0578 0496
0580 0580 0496
0582 0582 0498
0584 0584 0500
0586 0586 0502
0588 0588 0504
0590 0590 0506
0592 0592 0508
0594 0594 0510
0596 0596 0512
0598 0598 0514
0600 0600 0516
0602 0602 0516
0604 0604 0516
0606 0606 0518
0608 0608 0520
0610 0610 0522
0612 0612 0524
0614 0614 0526
0616 0616 0528
0618 0618 0530
0620 0620 0532
0622 0622 0534
0624 0624 0536
0626 0626 0538
0628 0628 0540
0630 0630 0540
0632 0632 0540
0634 0634 0542
0636 0636 0544
0638 0638 0546
0640 0640 0548
0642 0642 0550
0644 0644 0552
0646 0646 0554
0648 0648 0556
0650 0650 0558
0652 0652 0560
0652 0654 0562
0652 0656 0564
0654 0658 0564
0656 0660 0564
0658 0662 0566
0660 0664 0568
0662 0666 0570
0664 0668 0572
0666 0670 0574
0668 0672 0576
0670 0674 0578
0672 0676 0580
0674 0678 0582
0676 0680 0584
0678 0682 0586
0680 0684 0588
0682 0686 0588
0684 0688 0588
0686 0690 0590
0688 0692 0592
0690 0694 0594
0692 0696 0596
0694 0698 0598
0696 0700 0600
0698 0702 0602
0700 0704 0604
0702 0706 0606
0704 0708 0608
0706 0710 0608
0708 0712 0608
0710 0714 0610
0712 0716 0612
0714 0718 0614
0716 0720 0616
0718 0722 0618
0720 0724 0620
0722 0726 0622
0724 0728 0624
0726 0730 0626
0728 0732 0628
0730 0734 0630
0732 0736 0632
0734 0738 0632
0736 0740 0632
0738 0742 0634
0740 0744 0636
0742 0746 0638
0744 0748 0640
0746 0750 0642
0748 0752 0644
0750 0754 0646
0752 0756 0648
0754 0758 0650
0756 0760 0652
0758 0762 0654
0760 0764 0656
0762 0766 0656
0764 0768 0656
0766 0770 0658
0768 0772 0660
0770 0774 0662
0772 0776 0664
0774 0778 0666
0776 0780 0668
0778 0782 0670
0780 0784 0672
0782 0786 0674
0784 0788 0676
0786 0790 0678
0788 0792 0680
0790 0794 0680
0792 0796 0680
0794 0798 0682
0796 0800 0684
0798 0802 0686
0800 0804 0688
0802 0806 0690
0804 0808 0692
0806 0810 0694
0808 0812 0696
0810 0814 0698
0812 0816 0700
0814 0818 0700
0816 0820 0700
0818 0822 0702
0820 0824 0704
0822 0826 0706
0824 0828 0708
0826 0830 0710
0828 0832 0712
0830 0834 0714
0832 0836 0716
0834 0838 0718
0836 0840 0720
0838 0842 0722
0840 0844 0724
0842 0846 0724
0844 0848 0724
0846 0850 0726
0848 0852 0728
0850 0854 0730
0852 0856 0732
0854 0858 0734
0856 0860 0736
0858 0862 0738
0860 0864 0740
0862 0866 0742
0864 0868 0744
0866 0870 0746
0868 0872 0748
0870 0874 0748
0872 0876 0748
0874 0878 0750
0876 0880 0752
0878 0880 0754
0880 0880 0756
0882 0882 0758
0884 0884 0760
0886 0886 0762
0888 0888 0764
0890 0890 0766
0892 0892 0768
0894 0894 0770
0896 0896 0772
0898 0898 0772
0900 0900 0772
0902 0902 0774
0904 0904 0776
0906 0906 0778
0908 0908 0780
0910 0910 0782
0912 0912 0784
0914 0914 0786
0916 0916 0788
0918 0918 0790
0920 0920 0792
0922 0922 0792
0924 0924 0792
0926 0926 0794
0928 0928 0796
0930 0930 0798
0932 0932 0800
0934 0934 0802
0936 0936 0804
0938 0938 0806
0940 0940 0808
0942 0942 0810
0944 0944 0812
0946 0946 0814
0948 0948 0816
0950 0950 0816
0952 0952 0816
0954 0954 0818
0956 0956 0820
0958 0958 0822
0960 0960 0824
0962 0962 0826
0964 0964 0828
0966 0966 0830
0968 0968 0832
0970 0970 0834
0972 0972 0836
0974 0974 0838
0976 0976 0840
0978 0978 0840
0980 0980 0840
0982 0982 0842
0984 0984 0844
0986 0986 0846
0988 0988 0848
0990 0990 0850
0992 0992 0852
0994 0994 0854
0996 0996 0856
0998 0998 0858
1000 1000 0860
1002 1002 0862
1004 1004 0864
1006 1006 0864
1008 1008 0864
1010 1010 0866
1012 1012 0868
1012 1012 0868
