0000 0000 0000
0002 0002 0002
0004 0004 0004
0006 0006 0006
0008 0008 0008
0010 0010 0010
0012 0012 0012
0014 0014 0014
0016 0016 0016
0018 0018 0018
0020 0020 0020
0022 0022 0020
0024 0024 0020
0026 0026 0022
0028 0028 0024
0030 0030 0026
0032 0032 0028
0034 0034 0030
0036 0036 0032
0038 0038 0034
0040 0040 0036
0042 0042 0038
0044 0044 0040
0046 0046 0042
0048 0048 0044
0050 0050 0046
0052 0052 0048
0054 0054 0050
0056 0056 0052
0058 0058 0054
0060 0060 0056
0062 0062 0058
0064 0064 0060
0066 0066 0062
0068 0068 0064
0070 0070 0064
0072 0072 0064
0074 0074 0066
0076 0076 0068
0078 0078 0070
0080 0080 0072
0082 0082 0074
0084 0084 0076
0086 0086 0078
0088 0088 0080
0090 0090 0082
0092 0092 0084
0094 0094 0086
0096 0096 0088
0098 0098 0090
0100 0100 0092
0102 0102 0094
0104 0104 0096
0106 0106 0098
0108 0108 0100
0110 0110 0102
0112 0112 0104
0114 0114 0104
0116 0116 0104
0118 0118 0106
0120 0120 0108
0122 0122 0110
0124 0124 0112
0126 0126 0114
0128 0128 0116
0130 0130 0118
0132 0132 0120
0134 0134 0122
0136 0136 0124
0138 0138 0126
0140 0140 0128
0142 0142 0130
0144 0144 0132
0146 0146 0134
0148 0148 0136
0150 0150 0138
0152 0152 0140
0154 0154 0142
0156 0156 0144
0158 0158 0146
0160 0160 0148
0162 0162 0148
0164 0164 0148
0166 0166 0150
0168 0168 0152
0170 0170 0154
0172 0172 0156
0174 0174 0158
0176 0176 0160
0178 0178 0162
0180 0180 0164
0182 0182 0166
0184 0184 0168
0186 0186 0170
0188 0188 0172
0190 0190 0174
0192 0192 0176
0194 0194 0178
0196 0196 0180
0198 0198 0182
0200 0200 0184
0202 0202 0186
0204 0204 0188
0206 0206 0188
0208 0208 0188
0210 0210 0190
0212 0212 0192
0214 0214 0194
0216 0216 0196
0218 0218 0198
0220 0220 0200
0222 0222 0202
0224 0224 0204
0226 0226 0206
0228 0228 0208
0230 0230 0210
0232 0232 0212
0234 0234 0214
0236 0236 0216
0238 0238 0218
0240 0240 0220
0242 0242 0222
0244 0244 0224
0246 0246 0226
0248 0248 0228
0250 0250 0230
0252 0252 0232
0254 0254 0232
0256 0256 0232
0258 0258 0234
0260 0260 0236
0262 0262 0238
0264 0264 0240
0266 0266 0242
0268 0268 0244
0270 0270 0246
0272 0272 0248
0274 0274 0250
0276 0276 0252
0278 0278 0254
0280 0280 0256
0282 0282 0258
0284 0284 0260
0286 0286 0262
0288 0288 0264
0290 0290 0266
0292 0292 0268
0294 0294 0270
0296 0296 0272
0298 0298 0272
0300 0300 0272
0302 0302 0274
0304 0304 0276
0306 0306 0278
0308 0308 0280
0310 0310 0282
0312 0312 0284
0314 0314 0286
0316 0316 0288
0318 0318 0290
0320 0320 0292
0322 0322 0294
0324 0324 0296
0326 0326 0298
0328 0328 0300
0330 0330 0302
0332 0332 0304
0334 0334 0306
0336 0336 0308
0338 0338 0310
0340 0340 0312
0342 0342 0314
0344 0344 0316
0346 0346 0316
0348 0348 0316
0350 0350 0318
0352 0352 0320
0354 0354 0322
0356 0356 0324
0358 0358 0326
0360 0360 0328
0362 0362 0330
0364 0364 0332
0366 0366 0334
0368 0368 0336
0370 0370 0338
0372 0372 0340
0374 0374 0342
0376 0376 0344
0378 0378 0346
0380 0380 0348
0382 0382 0350
0384 0384 0352
0386 0386 0354
0388 0388 0356
0390 0390 0356
0392 0392 0356
0394 0394 0358
0396 0396 0360
0398 0398 0362
0400 0400 0364
0402 0402 0366
0404 0404 0368
0406 0406 0370
0408 0408 0372
0410 0410 0374
0412 0412 0376
0414 0414 0378
0416 0416 0380
0418 0418 0382
0420 0420 0384
0422 0422 0386
0424 0424 0388
0426 0426 0390
0428 0428 0392
0430 0430 0394
0432 0432 0396
0434 0434 0398
0436 0436 0400
0438 0438 0400
0440 0440 0400
0442 0442 0402
0444 0444 0404
0446 0446 0406
0448 0448 0408
0450 0450 0410
0452 0452 0412
0454 0454 0414
0456 0456 0416
0458 0458 0418
0460 0460 0420
0462 0462 0422
0464 0464 0424
0466 0466 0426
0468 0468 0428
0470 0470 0430
0472 0472 0432
0474 0474 0434
0476 0476 0436
0478 0478 0438
0480 0480 0440
0482 0482 0440
0484 0484 0440
0486 0486 0442
0488 0488 0444
0490 0490 0446
0492 0492 0448
0494 0494 0450
0496 0496 0452
0498 0498 0454
0500 0500 0456
0502 0502 0458
0504 0504 0460
0506 0506 0462
0508 0508 0464
0510 0510 0466
0512 0512 0468
0514 0514 0470
0516 0516 0472
0518 0518 0474
0520 0520 0476
0522 0522 0478
0524 0524 0480
0526 0526 0482
0528 0528 0484
0530 0530 0484
0532 0532 0484
0534 0534 0486
0536 0536 0488
0538 0538 0490
0540 0540 0492
0542 0542 0494
0544 0544 0496
0546 0546 0498
0548 0548 0500
0550 0550 0502
0552 0552 0504
0554 0554 0506
0556 0556 0508
0558 0558 0510
0560 0560 0512
0562 0562 0514
0564 0564 0516
0566 0566 0518
0568 0568 0520
0570 0570 0522
0572 0572 0524
0574 0574 0524
0576 0576 0524
0578 0578 0526
0580 0580 0528
0582 0582 0530
0584 0584 0532
0586 0586 0534
0588 0588 0536
0590 0590 0538
0592 0592 0540
0594 0594 0542
0596 0596 0544
0598 0598 0546
0600 0600 0548
0602 0602 0550
0604 0604 0552
0606 0606 0554
0608 0608 0556
0610 0610 0558
0612 0612 0560
0614 0614 0562
0616 0616 0564
0618 0618 0566
0620 0620 0568
0622 0622 0568
0624 0624 0568
0626 0626 0570
0628 0628 0572
0630 0630 0574
0632 0632 0576
0634 0634 0578
0636 0636 0580
0638 0638 0582
0640 0640 0584
0642 0642 0586
0644 0644 0588
0646 0646 0590
0648 0648 0592
0650 0650 0594
0652 0652 0596
0654 0654 0598
0656 0656 0600
0658 0658 0602
0660 0660 0604
0662 0662 0606
0664 0664 0608
0666 0666 0608
0668 0668 0608
0670 0670 0610
0672 0672 0612
0674 0674 0614
0676 0676 0616
0678 0678 0618
0680 0680 0620
0682 0682 0622
0684 0684 0624
0686 0686 0626
0688 0688 0628
0690 0690 0630
0692 0692 0632
0694 0694 0634
0696 0696 0636
0698 0698 0638
0700 0700 0640
0702 0702 0642
0704 0704 0644
0706 0706 0646
0708 0708 0648
0710 0710 0650
0712 0712 0652
0714 0714 0652
0716 0716 0652
0718 0718 0654
0720 0720 0656
0722 0722 0658
0724 0724 0660
0726 0726 0662
0728 0728 0664
0730 0730 0666
0732 0732 0668
0734 0734 0670
0736 0736 0672
0738 0738 0674
0740 0740 0676
0742 0742 0678
0744 0744 0680
0746 0746 0682
0748 0748 0684
0750 0750 0686
0752 0752 0688
0754 0754 0690
0756 0756 0692
0758 0758 0694
0760 0760 0696
0762 0762 0696
0764 0764 0696
0766 0766 0698
0768 0768 0700
0770 0770 0702
0772 0772 0704
0774 0774 0706
0776 0776 0708
0778 0778 0710
0780 0780 0712
0782 0782 0714
0784 0784 0716
0786 0786 0718
0788 0788 0720
0790 0790 0722
0792 0792 0724
0794 0794 0726
0796 0796 0728
0798 0798 0730
0800 0800 0732
0802 0802 0734
0804 0804 0736
0806 0806 0736
0808 0808 0736
0810 0810 0738
0812 0812 0740
0814 0814 0742
0816 0816 0744
0818 0818 0746
0820 0820 0748
0822 0822 0750
0824 0824 0752
0826 0826 0754
0828 0828 0756
0830 0830 0758
0832 0832 0760
0834 0834 0762
0836 0836 0764
0838 0838 0766
0840 0840 0768
0842 0842 0770
0844 0844 0772
0846 0846 0774
0848 0848 0776
0850 0850 0778
0852 0852 0780
0854 0854 0780
0856 0856 0780
0858 0858 0782
0860 0860 0784
0862 0862 0786
0864 0864 0788
0866 0866 0790
0868 0868 0792
0870 0870 0794
0872 0872 0796
0874 0874 0798
0876 0876 0800
0878 0878 0802
0880 0880 0804
0882 0882 0806
0884 0884 0808
0886 0886 0810
0888 0888 0812
0890 0890 0814
0892 0892 0816
0894 0894 0818
0896 0896 0820
0898 0898 0820
0900 0900 0820
0902 0902 0822
0904 0904 0824
0906 0906 0826
0908 0908 0828
0910 0910 0830
0912 0912 0832
0914 0914 0834
0916 0916 0836
0918 0918 0838
0920 0920 0840
0922 0922 0842
0924 0924 0844
0924 0926 0846
0924 0928 0848
0926 0930 0850
0928 0932 0852
0930 0934 0854
0932 0936 0856
0934 0938 0858
0936 0940 0860
0938 0942 0862
0940 0944 0864
0942 0946 0864
0944 0948 0864
0946 0950 0866
0948 0952 0868
0950 0954 0870
0952 0956 0872
0954 0958 0874
0956 0960 0876
0958 0962 0878
0960 0964 0880
0962 0966 0882
0964 0968 0884
0966 0970 0886
0968 0972 0888
0970 0974 0890
0972 0976 0892
0974 0978 0894
0976 0980 0896
0978 0982 0898
0980 0984 0900
0982 0986 0902
0984 0988 0904
0986 0990 0904
0988 0992 0904
0990 0994 0906
0992 0996 0908
0994 0998 0910
0996 1000 0912
0998 1002 0914
1000 1004 0916
1002 1006 0918
1004 1008 0920
1006 1010 0922
1008 1012 0924
1010 1014 0926
1012 1016 0928
1014 1018 0930
1016 1020 0932
1016 1020 0932
