0000 0000 0000
0002 0002 0002
0004 0004 0004
0006 0006 0006
0008 0008 0008
0010 0010 0010
0012 0012 0012
0014 0014 0014
0016 0016 0016
0018 0018 0018
0020 0020 0020
0022 0022 0022
0024 0024 0024
0026 0026 0024
0028 0028 0024
0030 0030 0026
0032 0032 0028
0034 0034 0030
0036 0036 0032
0038 0038 0034
0040 0040 0036
0042 0042 0038
0044 0044 0040
0046 0046 0042
0048 0048 0044
0050 0050 0046
0052 0052 0048
0054 0054 0050
0056 0056 0052
0058 0058 0054
0060 0060 0056
0062 0062 0058
0064 0064 0060
0066 0066 0062
0068 0068 0064
0070 0070 0066
0072 0072 0068
0074 0074 0070
0076 0076 0072
0078 0078 0072
0080 0080 0072
0082 0082 0074
0084 0084 0076
0086 0086 0078
0088 0088 0080
0090 0090 0082
0092 0092 0084
0094 0094 0086
0096 0096 0088
0098 0098 0090
0100 0100 0092
0102 0102 0094
0104 0104 0096
0106 0106 0098
0108 0108 0100
0110 0110 0102
0112 0112 0104
0114 0114 0106
0116 0116 0108
0118 0118 0110
0120 0120 0112
0122 0122 0114
0124 0124 0116
0126 0126 0118
0128 0128 0120
0130 0130 0120
0132 0132 0120
0134 0134 0122
0136 0136 0124
0138 0138 0126
0140 0140 0128
0142 0142 0130
0144 0144 0132
0146 0146 0134
0148 0148 0136
0150 0150 0138
0152 0152 0140
0154 0154 0142
0156 0156 0144
0158 0158 0146
0160 0160 0148
0162 0162 0150
0164 0164 0152
0166 0166 0154
0168 0168 0156
0170 0170 0158
0172 0172 0160
0174 0174 0162
0176 0176 0164
0178 0178 0166
0180 0180 0168
0182 0182 0168
0184 0184 0168
0186 0186 0170
0188 0188 0172
0190 0190 0174
0192 0192 0176
0194 0194 0178
0196 0196 0180
0198 0198 0182
0200 0200 0184
0202 0202 0186
0204 0204 0188
0206 0206 0190
0208 0208 0192
0210 0210 0194
0212 0212 0196
0214 0214 0198
0216 0216 0200
0218 0218 0202
0220 0220 0204
0222 0222 0206
0224 0224 0208
0226 0226 0210
0228 0228 0212
0230 0230 0214
0232 0232 0216
0234 0234 0216
0236 0236 0216
0238 0238 0218
0240 0240 0220
0242 0242 0222
0244 0244 0224
0246 0246 0226
0248 0248 0228
0250 0250 0230
0252 0252 0232
0254 0254 0234
0256 0256 0236
0258 0258 0238
0260 0260 0240
0262 0262 0242
0264 0264 0244
0266 0266 0246
0268 0268 0248
0270 0270 0250
0272 0272 0252
0274 0274 0254
0276 0276 0256
0278 0278 0258
0280 0280 0260
0282 0282 0262
0284 0284 0264
0286 0286 0264
0288 0288 0264
0290 0290 0266
0292 0292 0268
0294 0294 0270
0296 0296 0272
0298 0298 0274
0300 0300 0276
0302 0302 0278
0304 0304 0280
0306 0306 0282
0308 0308 0284
0310 0310 0286
0312 0312 0288
0314 0314 0290
0316 0316 0292
0318 0318 0294
0320 0320 0296
0322 0322 0298
0324 0324 0300
0326 0326 0302
0328 0328 0304
0330 0330 0306
0332 0332 0308
0334 0334 0310
0336 0336 0312
0338 0338 0312
0340 0340 0312
0342 0342 0314
0344 0344 0316
0346 0346 0318
0348 0348 0320
0350 0350 0322
0352 0352 0324
0354 0354 0326
0356 0356 0328
0358 0358 0330
0360 0360 0332
0362 0362 0334
0364 0364 0336
0366 0366 0338
0368 0368 0340
0370 0370 0342
0372 0372 0344
0374 0374 0346
0376 0376 0348
0378 0378 0350
0380 0380 0352
0382 0382 0354
0384 0384 0356
0386 0386 0358
0388 0388 0360
0390 0390 0360
0392 0392 0360
0394 0394 0362
0396 0396 0364
0398 0398 0366
0400 0400 0368
0402 0402 0370
0404 0404 0372
0406 0406 0374
0408 0408 0376
0410 0410 0378
0412 0412 0380
0414 0414 0382
0416 0416 0384
0418 0418 0386
0420 0420 0388
0422 0422 0390
0424 0424 0392
0426 0426 0394
0428 0428 0396
0430 0430 0398
0432 0432 0400
0434 0434 0402
0436 0436 0404
0438 0438 0406
0440 0440 0408
0442 0442 0408
0444 0444 0408
0446 0446 0410
0448 0448 0412
0450 0450 0414
0452 0452 0416
0454 0454 0418
0456 0456 0420
0458 0458 0422
0460 0460 0424
0462 0462 0426
0464 0464 0428
0466 0466 0430
0468 0468 0432
0470 0470 0434
0472 0472 0436
0474 0474 0438
0476 0476 0440
0478 0478 0442
0480 0480 0444
0482 0482 0446
0484 0484 0448
0486 0486 0450
0488 0488 0452
0490 0490 0454
0492 0492 0456
0494 0494 0456
0496 0496 0456
0498 0498 0458
0500 0500 0460
0502 0502 0462
0504 0504 0464
0506 0506 0466
0508 0508 0468
0510 0510 0470
0512 0512 0472
0514 0514 0474
0516 0516 0476
0518 0518 0478
0520 0520 0480
0522 0522 0482
0524 0524 0484
0526 0526 0486
0528 0528 0488
0530 0530 0490
0532 0532 0492
0534 0534 0494
0536 0536 0496
0538 0538 0498
0540 0540 0500
0542 0542 0502
0544 0544 0504
0546 0546 0504
0548 0548 0504
0550 0550 0506
0552 0552 0508
0554 0554 0510
0556 0556 0512
0558 0558 0514
0560 0560 0516
0562 0562 0518
0564 0564 0520
0566 0566 0522
0568 0568 0524
0570 0570 0526
0572 0572 0528
0574 0574 0530
0576 0576 0532
0578 0578 0534
0580 0580 0536
0582 0582 0538
0584 0584 0540
0586 0586 0542
0588 0588 0544
0590 0590 0546
0592 0592 0548
0594 0594 0548
0596 0596 0548
0598 0598 0550
0600 0600 0552
0602 0602 0554
0604 0604 0556
0606 0606 0558
0608 0608 0560
0610 0610 0562
0612 0612 0564
0614 0614 0566
0616 0616 0568
0618 0618 0570
0620 0620 0572
0622 0622 0574
0624 0624 0576
0626 0626 0578
0628 0628 0580
0630 0630 0582
0632 0632 0584
0634 0634 0586
0636 0636 0588
0638 0638 0590
0640 0640 0592
0642 0642 0594
0644 0644 0596
0646 0646 0596
0648 0648 0596
0650 0650 0598
0652 0652 0600
0654 0654 0602
0656 0656 0604
0658 0658 0606
0660 0660 0608
0662 0662 0610
0664 0664 0612
0666 0666 0614
0668 0668 0616
0670 0670 0618
0672 0672 0620
0674 0674 0622
0676 0676 0624
0678 0678 0626
0680 0680 0628
0682 0682 0630
0684 0684 0632
0686 0686 0634
0688 0688 0636
0690 0690 0638
0692 0692 0640
0694 0694 0642
0696 0696 0644
0698 0698 0644
0700 0700 0644
0702 0702 0646
0704 0704 0648
0706 0706 0650
0708 0708 0652
0710 0710 0654
0712 0712 0656
0714 0714 0658
0716 0716 0660
0718 0718 0662
0720 0720 0664
0722 0722 0666
0724 0724 0668
0726 0726 0670
0728 0728 0672
0730 0730 0674
0732 0732 0676
0734 0734 0678
0736 0736 0680
0738 0738 0682
0740 0740 0684
0742 0742 0686
0744 0744 0688
0746 0746 0690
0748 0748 0692
0750 0750 0692
0752 0752 0692
0754 0754 0694
0756 0756 0696
0758 0758 0698
0760 0760 0700
0762 0762 0702
0764 0764 0704
0766 0766 0706
0768 0768 0708
0770 0770 0710
0772 0772 0712
0774 0774 0714
0776 0776 0716
0778 0778 0718
0780 0780 0720
0782 0782 0722
0784 0784 0724
0786 0786 0726
0788 0788 0728
0790 0790 0730
0792 0792 0732
0794 0794 0734
0796 0796 0736
0798 0798 0738
0800 0800 0740
0802 0802 0740
0804 0804 0740
0806 0806 0742
0808 0808 0744
0810 0810 0746
0812 0812 0748
0814 0814 0750
0816 0816 0752
0818 0818 0754
0820 0820 0756
0822 0822 0758
0824 0824 0760
0826 0826 0762
0828 0828 0764
0830 0830 0766
0832 0832 0768
0834 0834 0770
0836 0836 0772
0838 0838 0774
0840 0840 0776
0842 0842 0778
0844 0844 0780
0846 0846 0782
0848 0848 0784
0850 0850 0786
0852 0852 0788
0854 0854 0788
0856 0856 0788
0858 0858 0790
0860 0860 0792
0862 0862 0794
0864 0864 0796
0866 0866 0798
0868 0868 0800
0870 0870 0802
0872 0872 0804
0874 0874 0806
0876 0876 0808
0878 0878 0810
0880 0880 0812
0882 0882 0814
0884 0884 0816
0886 0886 0818
0888 0888 0820
0890 0890 0822
0892 0892 0824
0894 0894 0826
0896 0896 0828
0898 0898 0830
0900 0900 0832
0902 0902 0834
0904 0904 0836
0906 0906 0836
0908 0908 0836
0910 0910 0838
0912 0912 0840
0914 0914 0842
0916 0916 0844
0918 0918 0846
0920 0920 0848
0922 0922 0850
0924 0924 0852
0926 0926 0854
0928 0928 0856
0930 0930 0858
0932 0932 0860
0934 0934 0862
0936 0936 0864
0938 0938 0866
0940 0940 0868
0942 0942 0870
0944 0944 0872
0946 0946 0874
0948 0948 0876
0950 0950 0878
0952 0952 0880
0954 0954 0882
0956 0956 0884
0958 0958 0884
0960 0960 0884
0962 0962 0886
0964 0964 0888
0966 0966 0890
0968 0968 0892
0970 0970 0894
0972 0972 0896
0974 0974 0898
0976 0976 0900
0978 0978 0902
0980 0980 0904
0982 0982 0906
0984 0984 0908
0986 0986 0910
0988 0988 0912
0990 0990 0914
0992 0992 0916
0994 0994 0918
0996 0996 0920
0998 0998 0922
1000 1000 0924
1002 1002 0926
1004 1004 0928
1006 1006 0930
1008 1008 0932
1010 1010 0932
1012 1012 0932
1014 1014 0934
1016 1016 0936
1018 1018 0938
1020 1020 0940
1020 1020 0940
