0000 0000 0000
0002 0002 0002
0004 0004 0004
0006 0006 0006
0008 0008 0008
0010 0010 0010
0012 0012 0012
0014 0014 0014
0016 0016 0016
0018 0018 0016
0020 0020 0016
0022 0022 0018
0024 0024 0020
0026 0026 0022
0028 0028 0024
0030 0030 0026
0032 0032 0028
0034 0034 0030
0036 0036 0032
0038 0038 0034
0040 0040 0036
0042 0042 0038
0044 0044 0040
0046 0046 0042
0048 0048 0044
0050 0050 0044
0052 0052 0044
0054 0054 0046
0056 0056 0048
0058 0058 0050
0060 0060 0052
0062 0062 0054
0064 0064 0056
0066 0066 0058
0068 0068 0060
0070 0070 0062
0072 0072 0064
0074 0074 0066
0076 0076 0068
0078 0078 0070
0080 0080 0072
0080 0082 0074
0080 0084 0076
0082 0086 0076
0084 0088 0076
0086 0090 0078
0088 0092 0080
0090 0094 0082
0092 0096 0084
0094 0098 0086
0096 0100 0088
0098 0102 0090
0100 0104 0092
0102 0106 0094
0104 0108 0096
0106 0110 0098
0108 0112 0100
0110 0114 0102
0112 0116 0104
0114 0118 0104
0116 0120 0104
0118 0122 0106
0120 0124 0108
0122 0126 0110
0124 0128 0112
0126 0130 0114
0128 0132 0116
0130 0134 0118
0132 0136 0120
0134 0138 0122
0136 0140 0124
0138 0142 0126
0140 0144 0128
0142 0146 0130
0144 0148 0132
0146 0150 0134
0148 0152 0136
0150 0154 0136
0152 0156 0136
0154 0158 0138
0156 0160 0140
0158 0162 0142
0160 0164 0144
0162 0166 0146
0164 0168 0148
0166 0170 0150
0168 0172 0152
0170 0174 0154
0172 0176 0156
0174 0178 0158
0176 0180 0160
0178 0182 0162
0180 0184 0164
0182 0186 0164
0184 0188 0164
0186 0190 0166
0188 0192 0168
0190 0194 0170
0192 0196 0172
0194 0198 0174
0196 0200 0176
0198 0202 0178
0200 0204 0180
0202 0206 0182
0204 0208 0184
0206 0210 0186
0208 0212 0188
0210 0214 0190
0212 0216 0192
0214 0218 0194
0216 0220 0196
0218 0222 0196
0220 0224 0196
0222 0226 0198
0224 0228 0200
0226 0230 0202
0228 0232 0204
0230 0234 0206
0232 0236 0208
0234 0238 0210
0236 0240 0212
0238 0242 0214
0240 0244 0216
0242 0246 0218
0244 0248 0220
0244 0250 0222
0244 0252 0224
0246 0254 0224
0248 0256 0224
0250 0258 0226
0252 0260 0228
0254 0262 0230
0256 0264 0232
0258 0266 0234
0260 0268 0236
0262 0270 0238
0264 0272 0240
0266 0274 0242
0268 0276 0244
0270 0278 0246
0272 0280 0248
0274 0282 0250
0276 0284 0252
0278 0286 0254
0280 0288 0256
0282 0290 0256
0284 0292 0256
0286 0294 0258
0288 0296 0260
0290 0298 0262
0292 0300 0264
0294 0302 0266
0296 0304 0268
0298 0306 0270
0300 0308 0272
0302 0310 0274
0304 0312 0276
0306 0314 0278
0308 0316 0280
0310 0318 0282
0312 0320 0284
0314 0322 0284
0316 0324 0284
0318 0326 0286
0320 0328 0288
0322 0330 0290
0324 0332 0292
0326 0334 0294
0328 0336 0296
0330 0338 0298
0332 0340 0300
0334 0342 0302
0336 0344 0304
0338 0346 0306
0340 0348 0308
0342 0350 0310
0344 0352 0312
0346 0354 0314
0348 0356 0316
0350 0358 0316
0352 0360 0316
0354 0362 0318
0356 0364 0320
0358 0366 0322
0360 0368 0324
0362 0370 0326
0364 0372 0328
0366 0374 0330
0368 0376 0332
0370 0376 0334
0372 0376 0336
0374 0378 0338
0376 0380 0340
0378 0382 0342
0380 0384 0344
0382 0386 0344
0384 0388 0344
0386 0390 0346
0388 0392 0348
0390 0394 0350
0392 0396 0352
0394 0398 0354
0396 0400 0356
0398 0402 0358
0400 0404 0360
0402 0406 0362
0404 0408 0364
0406 0410 0366
0408 0412 0368
0408 0414 0370
0408 0416 0372
0410 0418 0374
0412 0420 0376
0414 0422 0376
0416 0424 0376
0418 0426 0378
0420 0428 0380
0422 0430 0382
0424 0432 0384
0426 0434 0386
0428 0436 0388
0430 0438 0390
0432 0440 0392
0434 0442 0394
0436 0444 0396
0438 0446 0398
0440 0448 0400
0442 0450 0402
0444 0452 0404
0446 0454 0404
0448 0456 0404
0450 0458 0406
0452 0460 0408
0454 0462 0410
0456 0464 0412
0458 0466 0414
0460 0468 0416
0462 0470 0418
0464 0472 0420
0466 0474 0422
0468 0476 0424
0470 0478 0426
0472 0480 0428
0474 0482 0430
0476 0484 0432
0478 0486 0434
0480 0488 0436
0482 0490 0436
0484 0492 0436
0486 0494 0438
0488 0496 0440
0490 0498 0442
0492 0500 0444
0494 0502 0446
0496 0504 0448
0498 0506 0450
0500 0508 0452
0502 0510 0454
0504 0512 0456
0506 0514 0458
0508 0516 0460
0510 0518 0462
0512 0520 0464
0514 0522 0464
0516 0524 0464
0518 0526 0466
0520 0528 0468
0522 0530 0470
0524 0532 0472
0526 0534 0474
0528 0536 0476
0530 0538 0478
0532 0540 0480
0534 0542 0482
0536 0544 0484
0538 0546 0486
0540 0548 0488
0542 0550 0490
0544 0552 0492
0546 0554 0494
0548 0556 0496
0550 0558 0496
0552 0560 0496
0554 0562 0498
0556 0564 0500
0558 0566 0502
0560 0568 0504
0562 0570 0506
0564 0572 0508
0566 0574 0510
0568 0576 0512
0570 0578 0514
0572 0580 0516
0572 0582 0518
0572 0584 0520
0574 0586 0522
0576 0588 0524
0578 0590 0524
0580 0592 0524
0582 0594 0526
0584 0596 0528
0586 0598 0530
0588 0600 0532
0590 0602 0534
0592 0604 0536
0594 0606 0538
0596 0608 0540
0598 0610 0542
0600 0612 0544
0602 0614 0546
0604 0616 0548
0606 0618 0550
0608 0620 0552
0610 0622 0554
0612 0624 0556
0614 0626 0556
0616 0628 0556
0618 0630 0558
0620 0632 0560
0622 0634 0562
0624 0636 0564
0626 0638 0566
0628 0640 0568
0630 0642 0570
0632 0644 0572
0634 0646 0574
0636 0648 0576
0638 0650 0578
0640 0652 0580
0642 0654 0582
0644 0656 0584
0646 0658 0584
0648 0660 0584
0650 0662 0586
0652 0664 0588
0654 0666 0590
0656 0668 0592
0658 0670 0594
0660 0672 0596
0662 0674 0598
0664 0676 0600
0666 0678 0602
0668 0680 0604
0670 0682 0606
0672 0684 0608
0674 0686 0610
0676 0688 0612
0678 0690 0614
0680 0692 0616
0682 0694 0616
0684 0696 0616
0686 0698 0618
0688 0700 0620
0690 0702 0622
0692 0704 0624
0694 0706 0626
0696 0708 0628
0698 0710 0630
0700 0712 0632
0702 0714 0634
0704 0716 0636
0706 0718 0638
0708 0720 0640
0710 0722 0642
0712 0724 0644
0714 0726 0644
0716 0728 0644
0718 0730 0646
0720 0732 0648
0722 0734 0650
0724 0736 0652
0726 0738 0654
0728 0740 0656
0730 0742 0658
0732 0744 0660
0734 0746 0662
0736 0748 0664
0736 0750 0666
0736 0752 0668
0738 0754 0670
0740 0756 0672
0742 0758 0672
0744 0760 0672
0746 0762 0674
0748 0764 0676
0750 0766 0678
0752 0768 0680
0754 0770 0682
0756 0772 0684
0758 0774 0686
0760 0776 0688
0762 0778 0690
0764 0780 0692
0766 0782 0694
0768 0784 0696
0770 0786 0698
0772 0788 0700
0774 0790 0702
0776 0792 0704
0778 0794 0704
0780 0796 0704
0782 0798 0706
0784 0800 0708
0786 0802 0710
0788 0804 0712
0790 0806 0714
0792 0808 0716
0794 0810 0718
0796 0812 0720
0798 0814 0722
0800 0816 0724
0802 0818 0726
0804 0820 0728
0806 0822 0730
0808 0824 0732
0810 0826 0732
0812 0828 0732
0814 0830 0734
0816 0832 0736
0818 0834 0738
0820 0836 0740
0822 0838 0742
0824 0840 0744
0826 0842 0746
0828 0844 0748
0830 0846 0750
0832 0848 0752
0834 0850 0754
0836 0852 0756
0838 0854 0758
0840 0856 0760
0842 0858 0762
0844 0860 0764
0846 0862 0764
0848 0864 0764
0850 0866 0766
0852 0868 0768
0854 0870 0770
0856 0872 0772
0858 0874 0774
0860 0876 0776
0862 0878 0778
0864 0880 0780
0866 0882 0782
0868 0884 0784
0870 0886 0786
0872 0888 0788
0874 0890 0790
0876 0892 0792
0878 0894 0792
0880 0896 0792
0882 0898 0794
0884 0900 0796
0886 0902 0798
0888 0904 0800
0890 0906 0802
0892 0908 0804
0894 0910 0806
0896 0912 0808
0896 0914 0810
0896 0916 0812
0898 0918 0814
0900 0920 0816
0902 0922 0818
0904 0924 0820
0906 0926 0822
0908 0928 0824
0910 0930 0824
0912 0932 0824
0914 0934 0826
0916 0936 0828
0918 0938 0830
0920 0940 0832
0922 0942 0834
0924 0944 0836
0926 0946 0838
0928 0948 0840
0930 0950 0842
0932 0952 0844
0934 0954 0846
0936 0956 0848
0938 0958 0850
0940 0960 0852
0942 0962 0852
0944 0964 0852
0946 0966 0854
0948 0968 0856
0950 0970 0858
0952 0972 0860
0954 0974 0862
0956 0976 0864
0958 0978 0866
0960 0980 0868
0962 0982 0870
0964 0984 0872
0966 0986 0874
0968 0988 0876
0970 0990 0878
0972 0992 0880
0974 0994 0882
0976 0996 0884
0978 0998 0884
0980 1000 0884
0982 1002 0886
0984 1004 0888
0986 1006 0890
0988 1008 0892
0990 1010 0894
0992 1012 0896
0994 1014 0898
0996 1016 0900
0996 1016 0900
