0000 0000 0000
0002 0002 0002
0004 0004 0004
0006 0006 0006
0008 0008 0008
0010 0010 0008
0012 0012 0008
0014 0014 0010
0016 0016 0012
0018 0018 0014
0020 0020 0016
0022 0022 0018
0024 0024 0020
0026 0026 0022
0028 0028 0024
0030 0030 0026
0032 0032 0028
0034 0034 0028
0036 0036 0028
0038 0038 0030
0040 0040 0032
0042 0042 0034
0044 0044 0036
0046 0046 0038
0048 0048 0040
0050 0050 0042
0052 0052 0044
0054 0054 0046
0056 0056 0048
0058 0058 0048
0060 0060 0048
0062 0062 0050
0064 0064 0052
0066 0066 0054
0068 0068 0056
0070 0070 0058
0072 0072 0060
0074 0074 0062
0076 0076 0064
0078 0078 0064
0080 0080 0064
0082 0082 0066
0084 0084 0068
0086 0086 0070
0088 0088 0072
0090 0090 0074
0092 0092 0076
0094 0092 0078
0096 0092 0080
0098 0094 0082
0100 0096 0084
0102 0098 0084
0104 0100 0084
0106 0102 0086
0108 0104 0088
0110 0106 0090
0112 0108 0092
0114 0110 0094
0116 0112 0096
0118 0114 0098
0120 0116 0100
0122 0118 0102
0124 0120 0104
0126 0122 0104
0128 0124 0104
0130 0126 0106
0132 0128 0108
0134 0130 0110
0136 0132 0112
0138 0134 0114
0140 0136 0116
0142 0138 0118
0144 0140 0120
0146 0142 0122
0148 0144 0124
0150 0146 0124
0152 0148 0124
0154 0150 0126
0156 0152 0128
0158 0154 0130
0160 0156 0132
0162 0158 0134
0164 0160 0136
0166 0162 0138
0168 0164 0140
0170 0166 0140
0172 0168 0140
0174 0170 0142
0176 0172 0144
0178 0174 0146
0180 0176 0148
0182 0178 0150
0184 0180 0152
0186 0182 0154
0188 0184 0156
0190 0186 0158
0192 0188 0160
0194 0190 0160
0196 0192 0160
0198 0194 0162
0200 0196 0164
0202 0198 0166
0204 0200 0168
0206 0202 0170
0208 0204 0172
0210 0206 0174
0212 0208 0176
0214 0210 0178
0216 0212 0180
0218 0214 0180
0220 0216 0180
0222 0218 0182
0224 0220 0184
0226 0222 0186
0228 0224 0188
0230 0226 0190
0232 0228 0192
0234 0230 0194
0236 0232 0196
0238 0234 0196
0240 0236 0196
0242 0238 0198
0244 0240 0200
0246 0242 0202
0248 0244 0204
0250 0246 0206
0252 0248 0208
0254 0250 0210
0256 0252 0212
0258 0254 0214
0260 0256 0216
0262 0258 0216
0264 0260 0216
0266 0262 0218
0268 0264 0220
0270 0266 0222
0272 0268 0224
0274 0270 0226
0276 0272 0228
0278 0274 0230
0280 0276 0232
0282 0276 0234
0284 0276 0236
0286 0278 0236
0288 0280 0236
0290 0282 0238
0292 0284 0240
0294 0286 0242
0296 0288 0244
0298 0290 0246
0300 0292 0248
0302 0294 0250
0304 0296 0252
0306 0298 0254
0308 0300 0256
0310 0302 0256
0312 0304 0256
0314 0306 0258
0316 0308 0260
0318 0310 0262
0320 0312 0264
0322 0314 0266
0324 0316 0268
0326 0318 0270
0328 0320 0272
0330 0322 0272
0332 0324 0272
0334 0326 0274
0336 0328 0276
0338 0330 0278
0340 0332 0280
0342 0334 0282
0344 0336 0284
0346 0338 0286
0348 0340 0288
0350 0342 0290
0352 0344 0292
0354 0346 0292
0356 0348 0292
0358 0350 0294
0360 0352 0296
0362 0354 0298
0364 0356 0300
0366 0358 0302
0368 0360 0304
0370 0362 0306
0372 0364 0308
0374 0366 0310
0376 0368 0312
0378 0370 0312
0380 0372 0312
0382 0374 0314
0384 0376 0316
0386 0378 0318
0388 0380 0320
0390 0382 0322
0392 0384 0324
0394 0386 0326
0396 0388 0328
0398 0390 0328
0400 0392 0328
0402 0394 0330
0404 0396 0332
0406 0398 0334
0408 0400 0336
0410 0402 0338
0412 0404 0340
0414 0406 0342
0416 0408 0344
0418 0410 0346
0420 0412 0348
0422 0414 0348
0424 0416 0348
0426 0418 0350
0428 0420 0352
0430 0422 0354
0432 0424 0356
0434 0426 0358
0436 0428 0360
0438 0430 0362
0440 0432 0364
0442 0434 0366
0444 0436 0368
0446 0438 0368
0448 0440 0368
0450 0442 0370
0452 0444 0372
0454 0446 0374
0456 0448 0376
0458 0450 0378
0460 0452 0380
0462 0454 0382
0464 0456 0384
0466 0458 0386
0468 0460 0388
0470 0460 0388
0472 0460 0388
0474 0462 0390
0476 0464 0392
0478 0466 0394
0480 0468 0396
0482 0470 0398
0484 0472 0400
0486 0474 0402
0488 0476 0404
0490 0478 0404
0492 0480 0404
0494 0482 0406
0496 0484 0408
0498 0486 0410
0500 0488 0412
0502 0490 0414
0504 0492 0416
0506 0494 0418
0508 0496 0420
0510 0498 0422
0512 0500 0424
0514 0502 0424
0516 0504 0424
0518 0506 0426
0520 0508 0428
0522 0510 0430
0524 0512 0432
0526 0514 0434
0528 0516 0436
0530 0518 0438
0532 0520 0440
0534 0522 0442
0536 0524 0444
0538 0526 0444
0540 0528 0444
0542 0530 0446
0544 0532 0448
0546 0534 0450
0548 0536 0452
0550 0538 0454
0552 0540 0456
0554 0542 0458
0556 0544 0460
0558 0546 0460
0560 0548 0460
0562 0550 0462
0564 0552 0464
0566 0554 0466
0568 0556 0468
0570 0558 0470
0572 0560 0472
0574 0562 0474
0576 0564 0476
0578 0566 0478
0580 0568 0480
0582 0570 0480
0584 0572 0480
0586 0574 0482
0588 0576 0484
0590 0578 0486
0592 0580 0488
0594 0582 0490
0596 0584 0492
0598 0586 0494
0600 0588 0496
0602 0590 0498
0604 0592 0500
0606 0594 0500
0608 0596 0500
0610 0598 0502
0612 0600 0504
0614 0602 0506
0616 0604 0508
0618 0606 0510
0620 0608 0512
0622 0610 0514
0624 0612 0516
0626 0614 0518
0628 0616 0520
0630 0618 0520
0632 0620 0520
0634 0622 0522
0636 0624 0524
0638 0626 0526
0640 0628 0528
0642 0630 0530
0644 0632 0532
0646 0634 0534
0648 0636 0536
0650 0638 0536
0652 0640 0536
0654 0642 0538
0656 0644 0540
0658 0644 0542
0660 0644 0544
0662 0646 0546
0664 0648 0548
0666 0650 0550
0668 0652 0552
0670 0654 0554
0672 0656 0556
0674 0658 0556
0676 0660 0556
0678 0662 0558
0680 0664 0560
0682 0666 0562
0684 0668 0564
0686 0670 0566
0688 0672 0568
0690 0674 0570
0692 0676 0572
0694 0678 0574
0696 0680 0576
0698 0682 0576
0700 0684 0576
0702 0686 0578
0704 0688 0580
0706 0690 0582
0708 0692 0584
0710 0694 0586
0712 0696 0588
0714 0698 0590
0716 0700 0592
0718 0702 0592
0720 0704 0592
0722 0706 0594
0724 0708 0596
0726 0710 0598
0728 0712 0600
0730 0714 0602
0732 0716 0604
0734 0718 0606
0736 0720 0608
0738 0722 0610
0740 0724 0612
0742 0726 0612
0744 0728 0612
0746 0730 0614
0748 0732 0616
0750 0734 0618
0752 0736 0620
0754 0738 0622
0756 0740 0624
0758 0742 0626
0760 0744 0628
0762 0746 0630
0764 0748 0632
0766 0750 0632
0768 0752 0632
0770 0754 0634
0772 0756 0636
0774 0758 0638
0776 0760 0640
0778 0762 0642
0780 0764 0644
0782 0766 0646
0784 0768 0648
0786 0770 0650
0788 0772 0652
0790 0774 0652
0792 0776 0652
0794 0778 0654
0796 0780 0656
0798 0782 0658
0800 0784 0660
0802 0786 0662
0804 0788 0664
0806 0790 0666
0808 0792 0668
0810 0794 0668
0812 0796 0668
0814 0798 0670
0816 0800 0672
0818 0802 0674
0820 0804 0676
0822 0806 0678
0824 0808 0680
0826 0810 0682
0828 0812 0684
0830 0814 0686
0832 0816 0688
0834 0818 0688
0836 0820 0688
0838 0822 0690
0840 0824 0692
0842 0826 0694
0844 0828 0696
0846 0828 0698
0848 0828 0700
0850 0830 0702
0852 0832 0704
0854 0834 0706
0856 0836 0708
0858 0838 0708
0860 0840 0708
0862 0842 0710
0864 0844 0712
0866 0846 0714
0868 0848 0716
0870 0850 0718
0872 0852 0720
0874 0854 0722
0876 0856 0724
0878 0858 0724
0880 0860 0724
0882 0862 0726
0884 0864 0728
0886 0866 0730
0888 0868 0732
0890 0870 0734
0892 0872 0736
0894 0874 0738
0896 0876 0740
0898 0878 0742
0900 0880 0744
0902 0882 0744
0904 0884 0744
0906 0886 0746
0908 0888 0748
0910 0890 0750
0912 0892 0752
0914 0894 0754
0916 0896 0756
0918 0898 0758
0920 0900 0760
0922 0902 0762
0924 0904 0764
0926 0906 0764
0928 0908 0764
0930 0910 0766
0932 0912 0768
0934 0914 0770
0936 0916 0772
0938 0918 0774
0940 0920 0776
0942 0922 0778
0944 0924 0780
0946 0926 0780
0948 0928 0780
0950 0930 0782
0952 0932 0784
0954 0934 0786
0956 0936 0788
0958 0938 0790
0960 0940 0792
0962 0942 0794
0964 0944 0796
0966 0946 0798
0968 0948 0800
0970 0950 0800
0972 0952 0800
0974 0954 0802
0976 0956 0804
0978 0958 0806
0980 0960 0808
0982 0962 0810
0984 0964 0812
0986 0966 0814
0988 0968 0816
0990 0970 0818
0992 0972 0820
0994 0974 0820
0996 0976 0820
0998 0978 0822
1000 0980 0824
1002 0982 0826
1004 0984 0828
1006 0986 0830
1008 0988 0832
1010 0990 0834
1012 0992 0836
1014 0994 0838
1016 0996 0840
1018 0998 0840
1020 1000 0840
1020 1000 0840
