0000 0000 0000
0002 0002 0002
0004 0004 0004
0006 0006 0006
0008 0008 0008
0010 0010 0010
0012 0012 0012
0014 0014 0012
0016 0016 0012
0018 0018 0014
0020 0020 0016
0022 0022 0018
0024 0024 0020
0026 0026 0022
0028 0028 0024
0030 0030 0026
0032 0032 0028
0034 0034 0030
0036 0036 0032
0038 0038 0034
0040 0040 0036
0042 0042 0036
0044 0044 0036
0046 0046 0038
0048 0048 0040
0050 0050 0042
0052 0052 0044
0054 0054 0046
0056 0056 0048
0058 0058 0050
0060 0060 0052
0062 0062 0054
0064 0064 0056
0066 0066 0058
0068 0068 0060
0070 0070 0062
0072 0072 0064
0074 0074 0064
0076 0076 0064
0078 0078 0066
0080 0080 0068
0082 0082 0070
0084 0084 0072
0086 0086 0074
0088 0088 0076
0090 0090 0078
0092 0092 0080
0094 0094 0082
0096 0096 0084
0098 0098 0086
0100 0100 0088
0102 0102 0088
0104 0104 0088
0106 0106 0090
0108 0108 0092
0110 0110 0094
0112 0112 0096
0114 0114 0098
0116 0116 0100
0118 0118 0102
0120 0120 0104
0122 0122 0106
0124 0124 0108
0124 0126 0110
0124 0128 0112
0126 0130 0112
0128 0132 0112
0130 0134 0114
0132 0136 0116
0134 0138 0118
0136 0140 0120
0138 0142 0122
0140 0144 0124
0142 0146 0126
0144 0148 0128
0146 0150 0130
0148 0152 0132
0150 0154 0134
0152 0156 0136
0154 0158 0138
0156 0160 0140
0158 0162 0140
0160 0164 0140
0162 0166 0142
0164 0168 0144
0166 0170 0146
0168 0172 0148
0170 0174 0150
0172 0176 0152
0174 0178 0154
0176 0180 0156
0178 0182 0158
0180 0184 0160
0182 0186 0162
0184 0188 0164
0186 0188 0164
0188 0188 0164
0190 0190 0166
0192 0192 0168
0194 0194 0170
0196 0196 0172
0198 0198 0174
0200 0200 0176
0202 0202 0178
0204 0204 0180
0206 0206 0182
0208 0208 0184
0210 0210 0186
0212 0212 0188
0214 0214 0188
0216 0216 0188
0218 0218 0190
0220 0220 0192
0222 0222 0194
0224 0224 0196
0226 0226 0198
0228 0228 0200
0230 0230 0202
0232 0232 0204
0234 0234 0206
0236 0236 0208
0238 0238 0210
0240 0240 0212
0242 0242 0214
0244 0244 0216
0246 0246 0216
0248 0248 0216
0250 0250 0218
0252 0252 0220
0254 0254 0222
0256 0256 0224
0258 0258 0226
0260 0260 0228
0262 0262 0230
0264 0264 0232
0266 0266 0234
0268 0268 0236
0270 0270 0238
0272 0272 0240
0274 0274 0240
0276 0276 0240
0278 0278 0242
0280 0280 0244
0282 0282 0246
0284 0284 0248
0286 0286 0250
0288 0288 0252
0290 0290 0254
0292 0292 0256
0294 0294 0258
0296 0296 0260
0298 0298 0262
0300 0300 0264
0302 0302 0264
0304 0304 0264
0306 0306 0266
0308 0308 0268
0310 0310 0270
0312 0312 0272
0314 0314 0274
0316 0316 0276
0318 0318 0278
0320 0320 0280
0322 0322 0282
0324 0324 0284
0326 0326 0286
0328 0328 0288
0330 0330 0288
0332 0332 0288
0334 0334 0290
0336 0336 0292
0338 0338 0294
0340 0340 0296
0342 0342 0298
0344 0344 0300
0346 0346 0302
0348 0348 0304
0350 0350 0306
0352 0352 0308
0354 0354 0310
0356 0356 0312
0358 0358 0314
0360 0360 0316
0362 0362 0316
0364 0364 0316
0366 0366 0318
0368 0368 0320
0370 0370 0322
0372 0372 0324
0372 0374 0326
0372 0376 0328
0374 0378 0330
0376 0380 0332
0378 0382 0334
0380 0384 0336
0382 0386 0338
0384 0388 0340
0386 0390 0340
0388 0392 0340
0390 0394 0342
0392 0396 0344
0394 0398 0346
0396 0400 0348
0398 0402 0350
0400 0404 0352
0402 0406 0354
0404 0408 0356
0406 0410 0358
0408 0412 0360
0410 0414 0362
0412 0416 0364
0414 0418 0364
0416 0420 0364
0418 0422 0366
0420 0424 0368
0422 0426 0370
0424 0428 0372
0426 0430 0374
0428 0432 0376
0430 0434 0378
0432 0436 0380
0434 0438 0382
0436 0440 0384
0438 0442 0386
0440 0444 0388
0442 0446 0390
0444 0448 0392
0446 0450 0392
0448 0452 0392
0450 0454 0394
0452 0456 0396
0454 0458 0398
0456 0460 0400
0458 0462 0402
0460 0464 0404
0462 0466 0406
0464 0468 0408
0466 0470 0410
0468 0472 0412
0470 0474 0414
0472 0476 0416
0474 0478 0416
0476 0480 0416
0478 0482 0418
0480 0484 0420
0482 0486 0422
0484 0488 0424
0486 0490 0426
0488 0492 0428
0490 0494 0430
0492 0496 0432
0494 0498 0434
0496 0500 0436
0498 0502 0438
0500 0504 0440
0502 0506 0440
0504 0508 0440
0506 0510 0442
0508 0512 0444
0510 0514 0446
0512 0516 0448
0514 0518 0450
0516 0520 0452
0518 0522 0454
0520 0524 0456
0522 0526 0458
0524 0528 0460
0526 0530 0462
0528 0532 0464
0530 0534 0466
0532 0536 0468
0534 0538 0468
0536 0540 0468
0538 0542 0470
0540 0544 0472
0542 0546 0474
0544 0548 0476
0546 0550 0478
0548 0552 0480
0550 0554 0482
0552 0556 0484
0554 0558 0486
0556 0560 0488
0558 0560 0490
0560 0560 0492
0562 0562 0492
0564 0564 0492
0566 0566 0494
0568 0568 0496
0570 0570 0498
0572 0572 0500
0574 0574 0502
0576 0576 0504
0578 0578 0506
0580 0580 0508
0582 0582 0510
0584 0584 0512
0586 0586 0514
0588 0588 0516
0590 0590 0516
0592 0592 0516
0594 0594 0518
0596 0596 0520
0598 0598 0522
0600 0600 0524
0602 0602 0526
0604 0604 0528
0606 0606 0530
0608 0608 0532
0610 0610 0534
0612 0612 0536
0614 0614 0538
0616 0616 0540
0616 0618 0542
0616 0620 0544
0618 0622 0544
0620 0624 0544
0622 0626 0546
0624 0628 0548
0626 0630 0550
0628 0632 0552
0630 0634 0554
0632 0636 0556
0634 0638 0558
0636 0640 0560
0638 0642 0562
0640 0644 0564
0642 0646 0566
0644 0648 0568
0646 0650 0568
0648 0652 0568
0650 0654 0570
0652 0656 0572
0654 0658 0574
0656 0660 0576
0658 0662 0578
0660 0664 0580
0662 0666 0582
0664 0668 0584
0666 0670 0586
0668 0672 0588
0670 0674 0590
0672 0676 0592
0674 0678 0592
0676 0680 0592
0678 0682 0594
0680 0684 0596
0682 0686 0598
0684 0688 0600
0686 0690 0602
0688 0692 0604
0690 0694 0606
0692 0696 0608
0694 0698 0610
0696 0700 0612
0698 0702 0614
0700 0704 0616
0702 0706 0616
0704 0708 0616
0706 0710 0618
0708 0712 0620
0710 0714 0622
0712 0716 0624
0714 0718 0626
0716 0720 0628
0718 0722 0630
0720 0724 0632
0722 0726 0634
0724 0728 0636
0726 0730 0638
0728 0732 0640
0730 0734 0642
0732 0736 0644
0734 0738 0644
0736 0740 0644
0738 0742 0646
0740 0744 0648
0742 0746 0650
0744 0748 0652
0746 0750 0654
0748 0752 0656
0750 0754 0658
0752 0756 0660
0754 0758 0662
0756 0760 0664
0758 0762 0666
0760 0764 0668
0762 0766 0668
0764 0768 0668
0766 0770 0670
0768 0772 0672
0770 0774 0674
0772 0776 0676
0774 0778 0678
0776 0780 0680
0778 0782 0682
0780 0784 0684
0782 0786 0686
0784 0788 0688
0786 0790 0690
0788 0792 0692
0790 0794 0692
0792 0796 0692
0794 0798 0694
0796 0800 0696
0798 0802 0698
0800 0804 0700
0802 0806 0702
0804 0808 0704
0806 0810 0706
0808 0812 0708
0810 0814 0710
0812 0816 0712
0814 0818 0714
0816 0820 0716
0818 0822 0718
0820 0824 0720
0822 0826 0720
0824 0828 0720
0826 0830 0722
0828 0832 0724
0830 0834 0726
0832 0836 0728
0834 0838 0730
0836 0840 0732
0838 0842 0734
0840 0844 0736
0842 0846 0738
0844 0848 0740
0846 0850 0742
0848 0852 0744
0850 0854 0744
0852 0856 0744
0854 0858 0746
0856 0860 0748
0858 0862 0750
0860 0864 0752
0862 0866 0754
0864 0868 0756
0864 0870 0758
0864 0872 0760
0866 0874 0762
0868 0876 0764
0870 0878 0766
0872 0880 0768
0874 0882 0768
0876 0884 0768
0878 0886 0770
0880 0888 0772
0882 0890 0774
0884 0892 0776
0886 0894 0778
0888 0896 0780
0890 0898 0782
0892 0900 0784
0894 0902 0786
0896 0904 0788
0898 0906 0790
0900 0908 0792
0902 0910 0794
0904 0912 0796
0906 0914 0796
0908 0916 0796
0910 0918 0798
0912 0920 0800
0914 0922 0802
0916 0924 0804
0918 0926 0806
0920 0928 0808
0922 0930 0810
0924 0932 0812
0926 0932 0814
0928 0932 0816
0930 0934 0818
0932 0936 0820
0934 0938 0820
0936 0940 0820
0938 0942 0822
0940 0944 0824
0942 0946 0826
0944 0948 0828
0946 0950 0830
0948 0952 0832
0950 0954 0834
0952 0956 0836
0954 0958 0838
0956 0960 0840
0958 0962 0842
0960 0964 0844
0962 0966 0844
0964 0968 0844
0966 0970 0846
0968 0972 0848
0970 0974 0850
0972 0976 0852
0974 0978 0854
0976 0980 0856
0978 0982 0858
0980 0984 0860
0982 0986 0862
0984 0988 0864
0986 0990 0866
0988 0992 0868
0990 0994 0868
0992 0996 0868
0994 0998 0870
0996 1000 0872
0998 1002 0874
1000 1004 0876
1002 1006 0878
1004 1008 0880
1004 1008 0880
