0000 0000 0000
0002 0002 0002
0004 0004 0004
0006 0006 0006
0008 0008 0008
0010 0010 0010
0012 0012 0012
0014 0014 0014
0016 0016 0016
0018 0018 0018
0020 0020 0020
0022 0022 0020
0024 0024 0020
0026 0026 0022
0028 0028 0024
0030 0030 0026
0032 0032 0028
0034 0034 0030
0036 0036 0032
0038 0038 0034
0040 0040 0036
0042 0042 0038
0044 0044 0040
0046 0046 0042
0048 0048 0044
0050 0050 0046
0052 0052 0048
0054 0054 0050
0056 0056 0052
0058 0058 0054
0060 0060 0056
0060 0062 0056
0060 0064 0056
0062 0066 0058
0064 0068 0060
0066 0070 0062
0068 0072 0064
0070 0074 0066
0072 0076 0068
0074 0078 0070
0076 0080 0072
0078 0082 0074
0080 0084 0076
0082 0086 0078
0084 0088 0080
0086 0090 0082
0088 0092 0084
0090 0094 0086
0092 0096 0088
0094 0098 0090
0096 0100 0092
0098 0102 0092
0100 0104 0092
0102 0106 0094
0104 0108 0096
0106 0110 0098
0108 0112 0100
0110 0114 0102
0112 0116 0104
0114 0118 0106
0116 0120 0108
0118 0122 0110
0120 0124 0112
0122 0126 0114
0124 0128 0116
0126 0130 0118
0128 0132 0120
0130 0134 0122
0132 0136 0124
0134 0138 0126
0136 0140 0128
0138 0142 0128
0140 0144 0128
0142 0146 0130
0144 0148 0132
0146 0150 0134
0148 0152 0136
0150 0154 0138
0152 0156 0140
0154 0158 0142
0156 0160 0144
0158 0162 0146
0160 0164 0148
0162 0166 0150
0164 0168 0152
0166 0170 0154
0168 0172 0156
0170 0174 0158
0172 0176 0160
0174 0178 0162
0176 0180 0164
0178 0182 0164
0180 0184 0164
0182 0186 0166
0184 0188 0168
0184 0190 0170
0184 0192 0172
0186 0194 0174
0188 0196 0176
0190 0198 0178
0192 0200 0180
0194 0202 0182
0196 0204 0184
0198 0206 0186
0200 0208 0188
0202 0210 0190
0204 0212 0192
0206 0214 0194
0208 0216 0196
0210 0218 0198
0212 0220 0200
0214 0222 0200
0216 0224 0200
0218 0226 0202
0220 0228 0204
0222 0230 0206
0224 0232 0208
0226 0234 0210
0228 0236 0212
0230 0238 0214
0232 0240 0216
0234 0242 0218
0236 0244 0220
0238 0246 0222
0240 0248 0224
0242 0250 0226
0244 0252 0228
0246 0254 0230
0248 0256 0232
0250 0258 0234
0252 0260 0236
0254 0262 0236
0256 0264 0236
0258 0266 0238
0260 0268 0240
0262 0270 0242
0264 0272 0244
0266 0274 0246
0268 0276 0248
0270 0278 0250
0272 0280 0252
0274 0282 0254
0276 0284 0256
0278 0286 0258
0280 0288 0260
0282 0290 0262
0284 0292 0264
0286 0294 0266
0288 0296 0268
0290 0298 0270
0292 0300 0272
0294 0302 0272
0296 0304 0272
0298 0306 0274
0300 0308 0276
0302 0310 0278
0304 0312 0280
0304 0314 0282
0304 0316 0284
0306 0318 0286
0308 0320 0288
0310 0322 0290
0312 0324 0292
0314 0326 0294
0316 0328 0296
0318 0330 0298
0320 0332 0300
0322 0334 0302
0324 0336 0304
0326 0338 0306
0328 0340 0308
0330 0342 0310
0332 0344 0312
0334 0346 0312
0336 0348 0312
0338 0350 0314
0340 0352 0316
0342 0354 0318
0344 0356 0320
0346 0358 0322
0348 0360 0324
0350 0362 0326
0352 0364 0328
0354 0366 0330
0356 0368 0332
0358 0370 0334
0360 0372 0336
0362 0374 0338
0364 0376 0340
0366 0378 0342
0368 0380 0344
0370 0382 0346
0372 0384 0348
0374 0386 0348
0376 0388 0348
0378 0390 0350
0380 0392 0352
0382 0394 0354
0384 0396 0356
0386 0398 0358
0388 0400 0360
0390 0402 0362
0392 0404 0364
0394 0406 0366
0396 0408 0368
0398 0410 0370
0400 0412 0372
0402 0414 0374
0404 0416 0376
0406 0418 0378
0408 0420 0380
0410 0422 0382
0412 0424 0384
0414 0426 0384
0416 0428 0384
0418 0430 0386
0420 0432 0388
0422 0434 0390
0424 0436 0392
0424 0438 0394
0424 0440 0396
0426 0442 0398
0428 0444 0400
0430 0446 0402
0432 0448 0404
0434 0450 0406
0436 0452 0408
0438 0454 0410
0440 0456 0412
0442 0458 0414
0444 0460 0416
0446 0462 0418
0448 0464 0420
0450 0466 0420
0452 0468 0420
0454 0470 0422
0456 0472 0424
0458 0474 0426
0460 0476 0428
0462 0478 0430
0464 0480 0432
0466 0482 0434
0468 0484 0436
0470 0486 0438
0472 0488 0440
0474 0490 0442
0476 0492 0444
0478 0494 0446
0480 0496 0448
0482 0498 0450
0484 0500 0452
0486 0502 0454
0488 0504 0456
0490 0506 0456
0492 0508 0456
0494 0510 0458
0496 0512 0460
0498 0514 0462
0500 0516 0464
0502 0518 0466
0504 0520 0468
0506 0522 0470
0508 0524 0472
0510 0526 0474
0512 0528 0476
0514 0530 0478
0516 0532 0480
0518 0534 0482
0520 0536 0484
0522 0538 0486
0524 0540 0488
0526 0542 0490
0528 0544 0492
0530 0546 0492
0532 0548 0492
0534 0550 0494
0536 0552 0496
0538 0554 0498
0540 0556 0500
0542 0558 0502
0544 0560 0504
0546 0562 0506
0548 0564 0508
0548 0566 0510
0548 0568 0512
0550 0570 0514
0552 0572 0516
0554 0574 0518
0556 0576 0520
0558 0578 0522
0560 0580 0524
0562 0582 0526
0564 0584 0528
0566 0586 0528
0568 0588 0528
0570 0590 0530
0572 0592 0532
0574 0594 0534
0576 0596 0536
0578 0598 0538
0580 0600 0540
0582 0602 0542
0584 0604 0544
0586 0606 0546
0588 0608 0548
0590 0610 0550
0592 0612 0552
0594 0614 0554
0596 0616 0556
0598 0618 0558
0600 0620 0560
0602 0622 0562
0604 0624 0564
0606 0626 0566
0608 0628 0568
0610 0630 0568
0612 0632 0568
0614 0634 0570
0616 0636 0572
0618 0638 0574
0620 0640 0576
0622 0642 0578
0624 0644 0580
0626 0646 0582
0628 0648 0584
0630 0650 0586
0632 0652 0588
0634 0654 0590
0636 0656 0592
0638 0658 0594
0640 0660 0596
0642 0662 0598
0644 0664 0600
0646 0666 0602
0648 0668 0604
0650 0670 0604
0652 0672 0604
0654 0674 0606
0656 0676 0608
0658 0678 0610
0660 0680 0612
0662 0682 0614
0664 0684 0616
0666 0686 0618
0668 0688 0620
0668 0690 0622
0668 0692 0624
0670 0694 0626
0672 0696 0628
0674 0698 0630
0676 0700 0632
0678 0702 0634
0680 0704 0636
0682 0706 0638
0684 0708 0640
0686 0710 0640
0688 0712 0640
0690 0714 0642
0692 0716 0644
0694 0718 0646
0696 0720 0648
0698 0722 0650
0700 0724 0652
0702 0726 0654
0704 0728 0656
0706 0730 0658
0708 0732 0660
0710 0734 0662
0712 0736 0664
0714 0738 0666
0716 0740 0668
0718 0742 0670
0720 0744 0672
0722 0746 0674
0724 0748 0676
0726 0750 0676
0728 0752 0676
0730 0754 0678
0732 0756 0680
0734 0758 0682
0736 0760 0684
0738 0762 0686
0740 0764 0688
0742 0766 0690
0744 0768 0692
0746 0770 0694
0748 0772 0696
0750 0774 0698
0752 0776 0700
0754 0778 0702
0756 0780 0704
0758 0782 0706
0760 0784 0708
0762 0786 0710
0764 0788 0712
0766 0790 0712
0768 0792 0712
0770 0794 0714
0772 0796 0716
0774 0798 0718
0776 0800 0720
0778 0802 0722
0780 0804 0724
0782 0806 0726
0784 0808 0728
0786 0810 0730
0788 0812 0732
0788 0814 0734
0788 0816 0736
0790 0818 0738
0792 0820 0740
0794 0822 0742
0796 0824 0744
0798 0826 0746
0800 0828 0748
0802 0830 0748
0804 0832 0748
0806 0834 0750
0808 0836 0752
0810 0838 0754
0812 0840 0756
0814 0842 0758
0816 0844 0760
0818 0846 0762
0820 0848 0764
0822 0850 0766
0824 0852 0768
0826 0854 0770
0828 0856 0772
0830 0858 0774
0832 0860 0776
0834 0862 0778
0836 0864 0780
0838 0866 0782
0840 0868 0784
0842 0870 0784
0844 0872 0784
0846 0874 0786
0848 0876 0788
0850 0878 0790
0852 0880 0792
0854 0882 0794
0856 0884 0796
0858 0886 0798
0860 0888 0800
0862 0890 0802
0864 0892 0804
0866 0894 0806
0868 0896 0808
0870 0898 0810
0872 0900 0812
0874 0902 0814
0876 0904 0816
0878 0906 0818
0880 0908 0820
0882 0910 0820
0884 0912 0820
0886 0914 0822
0888 0916 0824
0890 0918 0826
0892 0920 0828
0894 0922 0830
0896 0924 0832
0898 0926 0834
0900 0928 0836
0902 0930 0838
0904 0932 0840
0906 0934 0842
0908 0936 0844
0910 0938 0846
0912 0940 0848
0912 0942 0850
0912 0944 0852
0914 0946 0854
0916 0948 0856
0918 0950 0858
0920 0952 0860
0922 0954 0860
0924 0956 0860
0926 0958 0862
0928 0960 0864
0930 0962 0866
0932 0964 0868
0934 0966 0870
0936 0968 0872
0938 0970 0874
0940 0972 0876
0942 0974 0878
0944 0976 0880
0946 0978 0882
0948 0980 0884
0950 0982 0886
0952 0984 0888
0954 0986 0890
0956 0988 0892
0958 0990 0894
0960 0992 0896
0962 0994 0896
0964 0996 0896
0966 0998 0898
0968 1000 0900
0970 1002 0902
0972 1004 0904
0974 1006 0906
0976 1008 0908
0978 1010 0910
0980 1012 0912
0982 1014 0914
0984 1016 0916
0986 1018 0918
0988 1020 0920
0988 1020 0920
