0000 0000 0000
0002 0002 0002
0004 0004 0004
0006 0006 0006
0008 0008 0008
0010 0010 0010
0012 0012 0012
0014 0014 0014
0016 0016 0016
0018 0018 0018
0020 0020 0020
0022 0022 0022
0024 0024 0024
0026 0026 0026
0028 0028 0028
0030 0030 0030
0032 0032 0032
0034 0034 0034
0036 0036 0036
0038 0038 0038
0040 0040 0040
0040 0042 0042
0040 0044 0044
0042 0046 0046
0044 0048 0048
0046 0050 0050
0048 0052 0052
0050 0054 0054
0052 0056 0056
0054 0058 0058
0056 0060 0060
0058 0062 0062
0060 0064 0064
0062 0066 0066
0064 0068 0068
0066 0070 0070
0068 0072 0072
0070 0074 0074
0072 0076 0076
0074 0078 0078
0076 0080 0080
0078 0082 0082
0080 0084 0084
0082 0086 0086
0084 0088 0088
0086 0090 0090
0088 0092 0092
0090 0094 0094
0092 0096 0096
0094 0098 0098
0096 0100 0100
0098 0102 0102
0100 0104 0104
0102 0106 0106
0104 0108 0108
0106 0110 0110
0108 0112 0112
0110 0114 0114
0112 0116 0116
0114 0118 0118
0116 0120 0120
0116 0122 0122
0116 0124 0124
0118 0126 0126
0120 0128 0128
0122 0130 0130
0124 0132 0132
0126 0134 0134
0128 0136 0136
0130 0138 0138
0132 0140 0140
0134 0142 0142
0136 0144 0144
0138 0146 0146
0140 0148 0148
0142 0148 0150
0144 0148 0152
0146 0150 0154
0148 0152 0156
0150 0154 0158
0152 0156 0160
0154 0158 0162
0156 0160 0164
0158 0162 0166
0160 0164 0168
0162 0166 0170
0164 0168 0172
0166 0170 0174
0168 0172 0176
0170 0174 0178
0172 0176 0180
0174 0178 0182
0176 0180 0184
0178 0182 0186
0180 0184 0188
0182 0186 0190
0184 0188 0192
0186 0190 0194
0188 0192 0196
0190 0194 0198
0192 0196 0200
0192 0198 0202
0192 0200 0204
0194 0202 0206
0196 0204 0208
0198 0206 0210
0200 0208 0212
0202 0210 0214
0204 0212 0216
0206 0214 0218
0208 0216 0220
0210 0218 0222
0212 0220 0224
0214 0222 0226
0216 0224 0228
0218 0226 0230
0220 0228 0232
0222 0230 0234
0224 0232 0236
0226 0234 0238
0228 0236 0240
0230 0238 0242
0232 0240 0244
0234 0242 0246
0236 0244 0248
0238 0246 0250
0240 0248 0252
0242 0250 0254
0244 0252 0256
0246 0254 0258
0248 0256 0260
0250 0258 0262
0252 0260 0264
0254 0262 0266
0256 0264 0268
0258 0266 0270
0260 0268 0272
0262 0270 0274
0264 0272 0276
0266 0274 0278
0268 0276 0280
0270 0278 0282
0272 0280 0284
0272 0282 0286
0272 0284 0288
0274 0286 0290
0276 0288 0292
0278 0290 0294
0280 0292 0296
0282 0294 0298
0284 0296 0300
0286 0298 0302
0288 0300 0304
0290 0302 0306
0292 0304 0308
0294 0306 0310
0296 0308 0312
0298 0310 0314
0300 0312 0316
0302 0314 0318
0304 0316 0320
0306 0318 0322
0308 0320 0324
0310 0322 0326
0312 0324 0328
0314 0326 0330
0316 0328 0332
0318 0330 0334
0320 0332 0336
0322 0334 0338
0324 0336 0340
0326 0338 0342
0328 0340 0344
0330 0342 0346
0332 0344 0348
0334 0346 0350
0336 0348 0352
0338 0350 0354
0340 0352 0356
0342 0354 0358
0344 0356 0360
0346 0358 0362
0348 0360 0364
0348 0362 0366
0348 0364 0368
0350 0366 0370
0352 0368 0372
0354 0370 0374
0356 0372 0376
0358 0374 0378
0360 0376 0380
0362 0378 0382
0364 0380 0384
0366 0382 0386
0368 0384 0388
0370 0386 0390
0372 0388 0392
0374 0390 0394
0376 0392 0396
0378 0394 0398
0380 0396 0400
0382 0398 0402
0384 0400 0404
0386 0402 0406
0388 0404 0408
0390 0406 0410
0392 0408 0412
0394 0410 0414
0396 0412 0416
0398 0414 0418
0400 0416 0420
0402 0418 0422
0404 0420 0424
0406 0422 0426
0408 0424 0428
0410 0426 0430
0412 0428 0432
0414 0430 0434
0416 0432 0436
0418 0434 0438
0420 0436 0440
0422 0438 0442
0424 0440 0444
0426 0440 0446
0428 0440 0448
0428 0442 0450
0428 0444 0452
0430 0446 0454
0432 0448 0456
0434 0450 0458
0436 0452 0460
0438 0454 0462
0440 0456 0464
0442 0458 0466
0444 0460 0468
0446 0462 0470
0448 0464 0472
0450 0466 0474
0452 0468 0476
0454 0470 0478
0456 0472 0480
0458 0474 0482
0460 0476 0484
0462 0478 0486
0464 0480 0488
0466 0482 0490
0468 0484 0492
0470 0486 0494
0472 0488 0496
0474 0490 0498
0476 0492 0500
0478 0494 0502
0480 0496 0504
0482 0498 0506
0484 0500 0508
0486 0502 0510
0488 0504 0512
0490 0506 0514
0492 0508 0516
0494 0510 0518
0496 0512 0520
0498 0514 0522
0500 0516 0524
0502 0518 0526
0504 0520 0528
0504 0522 0530
0504 0524 0532
0506 0526 0534
0508 0528 0536
0510 0530 0538
0512 0532 0540
0514 0534 0542
0516 0536 0544
0518 0538 0546
0520 0540 0548
0522 0542 0550
0524 0544 0552
0526 0546 0554
0528 0548 0556
0530 0550 0558
0532 0552 0560
0534 0554 0562
0536 0556 0564
0538 0558 0566
0540 0560 0568
0542 0562 0570
0544 0564 0572
0546 0566 0574
0548 0568 0576
0550 0570 0578
0552 0572 0580
0554 0574 0582
0556 0576 0584
0558 0578 0586
0560 0580 0588
0562 0582 0590
0564 0584 0592
0566 0586 0594
0568 0588 0596
0570 0590 0598
0572 0592 0600
0574 0594 0602
0576 0596 0604
0578 0598 0606
0580 0600 0608
0580 0602 0610
0580 0604 0612
0582 0606 0614
0584 0608 0616
0586 0610 0618
0588 0612 0620
0590 0614 0622
0592 0616 0624
0594 0618 0626
0596 0620 0628
0598 0622 0630
0600 0624 0632
0602 0626 0634
0604 0628 0636
0606 0630 0638
0608 0632 0640
0610 0634 0642
0612 0636 0644
0614 0638 0646
0616 0640 0648
0618 0642 0650
0620 0644 0652
0622 0646 0654
0624 0648 0656
0626 0650 0658
0628 0652 0660
0630 0654 0662
0632 0656 0664
0634 0658 0666
0636 0660 0668
0638 0662 0670
0640 0664 0672
0642 0666 0674
0644 0668 0676
0646 0670 0678
0648 0672 0680
0650 0674 0682
0652 0676 0684
0654 0678 0686
0656 0680 0688
0658 0682 0690
0660 0684 0692
0660 0686 0694
0660 0688 0696
0662 0690 0698
0664 0692 0700
0666 0694 0702
0668 0696 0704
0670 0698 0706
0672 0700 0708
0674 0702 0710
0676 0704 0712
0678 0706 0714
0680 0708 0716
0682 0710 0718
0684 0712 0720
0686 0714 0722
0688 0716 0724
0690 0718 0726
0692 0720 0728
0694 0722 0730
0696 0724 0732
0698 0726 0734
0700 0728 0736
0702 0730 0738
0704 0732 0740
0706 0734 0742
0708 0736 0744
0710 0736 0746
0712 0736 0748
0714 0738 0750
0716 0740 0752
0718 0742 0754
0720 0744 0756
0722 0746 0758
0724 0748 0760
0726 0750 0762
0728 0752 0764
0730 0754 0766
0732 0756 0768
0734 0758 0770
0736 0760 0772
0736 0762 0774
0736 0764 0776
0738 0766 0778
0740 0768 0780
0742 0770 0782
0744 0772 0784
0746 0774 0786
0748 0776 0788
0750 0778 0790
0752 0780 0792
0754 0782 0794
0756 0784 0796
0758 0786 0798
0760 0788 0800
0762 0790 0802
0764 0792 0804
0766 0794 0806
0768 0796 0808
0770 0798 0810
0772 0800 0812
0774 0802 0814
0776 0804 0816
0778 0806 0818
0780 0808 0820
0782 0810 0822
0784 0812 0824
0786 0814 0826
0788 0816 0828
0790 0818 0830
0792 0820 0832
0794 0822 0834
0796 0824 0836
0798 0826 0838
0800 0828 0840
0802 0830 0842
0804 0832 0844
0806 0834 0846
0808 0836 0848
0810 0838 0850
0812 0840 0852
0812 0842 0854
0812 0844 0856
0814 0846 0858
0816 0848 0860
0818 0850 0862
0820 0852 0864
0822 0854 0866
0824 0856 0868
0826 0858 0870
0828 0860 0872
0830 0862 0874
0832 0864 0876
0834 0866 0878
0836 0868 0880
0838 0870 0882
0840 0872 0884
0842 0874 0886
0844 0876 0888
0846 0878 0890
0848 0880 0892
0850 0882 0894
0852 0884 0896
0854 0886 0898
0856 0888 0900
0858 0890 0902
0860 0892 0904
0862 0894 0906
0864 0896 0908
0866 0898 0910
0868 0900 0912
0870 0902 0914
0872 0904 0916
0874 0906 0918
0876 0908 0920
0878 0910 0922
0880 0912 0924
0882 0914 0926
0884 0916 0928
0886 0918 0930
0888 0920 0932
0890 0922 0934
0892 0924 0936
0892 0926 0938
0892 0928 0940
0894 0930 0942
0896 0932 0944
0898 0934 0946
0900 0936 0948
0902 0938 0950
0904 0940 0952
0906 0942 0954
0908 0944 0956
0910 0946 0958
0912 0948 0960
0914 0950 0962
0916 0952 0964
0918 0954 0966
0920 0956 0968
0922 0958 0970
0924 0960 0972
0926 0962 0974
0928 0964 0976
0930 0966 0978
0932 0968 0980
0934 0970 0982
0936 0972 0984
0938 0974 0986
0940 0976 0988
0942 0978 0990
0944 0980 0992
0946 0982 0994
0948 0984 0996
0950 0986 0998
0952 0988 1000
0954 0990 1002
0956 0992 1004
0958 0994 1006
0960 0996 1008
0962 0998 1010
0964 1000 1012
0966 1002 1014
0968 1004 1016
0968 1006 1018
0968 1008 1020
0968 1008 1020
