0000 0000 0000
0002 0002 0002
0004 0004 0004
0006 0006 0006
0008 0008 0008
0010 0010 0010
0012 0012 0012
0014 0014 0014
0016 0016 0016
0018 0018 0018
0020 0020 0020
0022 0022 0022
0024 0024 0024
0026 0026 0024
0028 0028 0024
0030 0030 0026
0032 0032 0028
0034 0034 0030
0036 0036 0032
0038 0038 0034
0040 0040 0036
0042 0042 0038
0044 0044 0040
0046 0046 0042
0048 0048 0044
0050 0050 0046
0052 0052 0048
0054 0054 0050
0056 0056 0052
0058 0058 0054
0060 0060 0056
0062 0062 0058
0064 0064 0060
0066 0066 0062
0068 0068 0064
0070 0070 0066
0072 0072 0068
0074 0074 0070
0076 0076 0072
0078 0078 0072
0080 0080 0072
0082 0082 0074
0084 0084 0076
0086 0084 0078
0088 0084 0080
0090 0086 0082
0092 0088 0084
0094 0090 0086
0096 0092 0088
0098 0094 0090
0100 0096 0092
0102 0098 0094
0104 0100 0096
0106 0102 0098
0108 0104 0100
0110 0106 0102
0112 0108 0104
0114 0110 0106
0116 0112 0108
0118 0114 0110
0120 0116 0112
0122 0118 0114
0124 0120 0116
0126 0122 0116
0128 0124 0116
0130 0126 0118
0132 0128 0120
0134 0130 0122
0136 0132 0124
0138 0134 0126
0140 0136 0128
0142 0138 0130
0144 0140 0132
0146 0142 0134
0148 0144 0136
0150 0146 0138
0152 0148 0140
0154 0150 0142
0156 0152 0144
0158 0154 0146
0160 0156 0148
0162 0158 0150
0164 0160 0152
0166 0162 0154
0168 0164 0156
0170 0166 0158
0172 0168 0160
0174 0170 0162
0176 0172 0164
0178 0174 0164
0180 0176 0164
0182 0178 0166
0184 0180 0168
0186 0182 0170
0188 0184 0172
0190 0186 0174
0192 0188 0176
0194 0190 0178
0196 0192 0180
0198 0194 0182
0200 0196 0184
0202 0198 0186
0204 0200 0188
0206 0202 0190
0208 0204 0192
0210 0206 0194
0212 0208 0196
0214 0210 0198
0216 0212 0200
0218 0214 0202
0220 0216 0204
0222 0218 0206
0224 0220 0208
0226 0222 0210
0228 0224 0212
0230 0226 0212
0232 0228 0212
0234 0230 0214
0236 0232 0216
0238 0234 0218
0240 0236 0220
0242 0238 0222
0244 0240 0224
0246 0242 0226
0248 0244 0228
0250 0246 0230
0252 0248 0232
0254 0248 0234
0256 0248 0236
0258 0250 0238
0260 0252 0240
0262 0254 0242
0264 0256 0244
0266 0258 0246
0268 0260 0248
0270 0262 0250
0272 0264 0252
0274 0266 0254
0276 0268 0256
0278 0270 0258
0280 0272 0260
0282 0274 0260
0284 0276 0260
0286 0278 0262
0288 0280 0264
0290 0282 0266
0292 0284 0268
0294 0286 0270
0296 0288 0272
0298 0290 0274
0300 0292 0276
0302 0294 0278
0304 0296 0280
0306 0298 0282
0308 0300 0284
0310 0302 0286
0312 0304 0288
0314 0306 0290
0316 0308 0292
0318 0310 0294
0320 0312 0296
0322 0314 0298
0324 0316 0300
0326 0318 0302
0328 0320 0304
0330 0322 0306
0332 0324 0308
0334 0326 0308
0336 0328 0308
0338 0330 0310
0340 0332 0312
0342 0334 0314
0344 0336 0316
0346 0338 0318
0348 0340 0320
0350 0342 0322
0352 0344 0324
0354 0346 0326
0356 0348 0328
0358 0350 0330
0360 0352 0332
0362 0354 0334
0364 0356 0336
0366 0358 0338
0368 0360 0340
0370 0362 0342
0372 0364 0344
0374 0366 0346
0376 0368 0348
0378 0370 0350
0380 0372 0352
0382 0374 0352
0384 0376 0352
0386 0378 0354
0388 0380 0356
0390 0382 0358
0392 0384 0360
0394 0386 0362
0396 0388 0364
0398 0390 0366
0400 0392 0368
0402 0394 0370
0404 0396 0372
0406 0398 0374
0408 0400 0376
0410 0402 0378
0412 0404 0380
0414 0406 0382
0416 0408 0384
0418 0410 0386
0420 0412 0388
0422 0414 0390
0424 0416 0392
0426 0416 0394
0428 0416 0396
0430 0418 0398
0432 0420 0400
0434 0422 0400
0436 0424 0400
0438 0426 0402
0440 0428 0404
0442 0430 0406
0444 0432 0408
0446 0434 0410
0448 0436 0412
0450 0438 0414
0452 0440 0416
0454 0442 0418
0456 0444 0420
0458 0446 0422
0460 0448 0424
0462 0450 0426
0464 0452 0428
0466 0454 0430
0468 0456 0432
0470 0458 0434
0472 0460 0436
0474 0462 0438
0476 0464 0440
0478 0466 0442
0480 0468 0444
0482 0470 0446
0484 0472 0448
0486 0474 0448
0488 0476 0448
0490 0478 0450
0492 0480 0452
0494 0482 0454
0496 0484 0456
0498 0486 0458
0500 0488 0460
0502 0490 0462
0504 0492 0464
0506 0494 0466
0508 0496 0468
0510 0498 0470
0512 0500 0472
0514 0502 0474
0516 0504 0476
0518 0506 0478
0520 0508 0480
0522 0510 0482
0524 0512 0484
0526 0514 0486
0528 0516 0488
0530 0518 0490
0532 0520 0492
0534 0522 0494
0536 0524 0496
0538 0526 0496
0540 0528 0496
0542 0530 0498
0544 0532 0500
0546 0534 0502
0548 0536 0504
0550 0538 0506
0552 0540 0508
0554 0542 0510
0556 0544 0512
0558 0546 0514
0560 0548 0516
0562 0550 0518
0564 0552 0520
0566 0554 0522
0568 0556 0524
0570 0558 0526
0572 0560 0528
0574 0562 0530
0576 0564 0532
0578 0566 0534
0580 0568 0536
0582 0570 0538
0584 0572 0540
0586 0574 0542
0588 0576 0544
0590 0578 0544
0592 0580 0544
0594 0582 0546
0596 0584 0548
0598 0584 0550
0600 0584 0552
0602 0586 0554
0604 0588 0556
0606 0590 0558
0608 0592 0560
0610 0594 0562
0612 0596 0564
0614 0598 0566
0616 0600 0568
0618 0602 0570
0620 0604 0572
0622 0606 0574
0624 0608 0576
0626 0610 0578
0628 0612 0580
0630 0614 0582
0632 0616 0584
0634 0618 0586
0636 0620 0588
0638 0622 0588
0640 0624 0588
0642 0626 0590
0644 0628 0592
0646 0630 0594
0648 0632 0596
0650 0634 0598
0652 0636 0600
0654 0638 0602
0656 0640 0604
0658 0642 0606
0660 0644 0608
0662 0646 0610
0664 0648 0612
0666 0650 0614
0668 0652 0616
0670 0654 0618
0672 0656 0620
0674 0658 0622
0676 0660 0624
0678 0662 0626
0680 0664 0628
0682 0666 0630
0684 0668 0632
0686 0670 0634
0688 0672 0636
0690 0674 0636
0692 0676 0636
0694 0678 0638
0696 0680 0640
0698 0682 0642
0700 0684 0644
0702 0686 0646
0704 0688 0648
0706 0690 0650
0708 0692 0652
0710 0694 0654
0712 0696 0656
0714 0698 0658
0716 0700 0660
0718 0702 0662
0720 0704 0664
0722 0706 0666
0724 0708 0668
0726 0710 0670
0728 0712 0672
0730 0714 0674
0732 0716 0676
0734 0718 0678
0736 0720 0680
0738 0722 0682
0740 0724 0684
0742 0726 0684
0744 0728 0684
0746 0730 0686
0748 0732 0688
0750 0734 0690
0752 0736 0692
0754 0738 0694
0756 0740 0696
0758 0742 0698
0760 0744 0700
0762 0746 0702
0764 0748 0704
0766 0748 0706
0768 0748 0708
0770 0750 0710
0772 0752 0712
0774 0754 0714
0776 0756 0716
0778 0758 0718
0780 0760 0720
0782 0762 0722
0784 0764 0724
0786 0766 0726
0788 0768 0728
0790 0770 0730
0792 0772 0732
0794 0774 0732
0796 0776 0732
0798 0778 0734
0800 0780 0736
0802 0782 0738
0804 0784 0740
0806 0786 0742
0808 0788 0744
0810 0790 0746
0812 0792 0748
0814 0794 0750
0816 0796 0752
0818 0798 0754
0820 0800 0756
0822 0802 0758
0824 0804 0760
0826 0806 0762
0828 0808 0764
0830 0810 0766
0832 0812 0768
0834 0814 0770
0836 0816 0772
0838 0818 0774
0840 0820 0776
0842 0822 0776
0844 0824 0776
0846 0826 0778
0848 0828 0780
0850 0830 0782
0852 0832 0784
0854 0834 0786
0856 0836 0788
0858 0838 0790
0860 0840 0792
0862 0842 0794
0864 0844 0796
0866 0846 0798
0868 0848 0800
0870 0850 0802
0872 0852 0804
0874 0854 0806
0876 0856 0808
0878 0858 0810
0880 0860 0812
0882 0862 0814
0884 0864 0816
0886 0866 0818
0888 0868 0820
0890 0870 0822
0892 0872 0824
0894 0874 0824
0896 0876 0824
0898 0878 0826
0900 0880 0828
0902 0882 0830
0904 0884 0832
0906 0886 0834
0908 0888 0836
0910 0890 0838
0912 0892 0840
0914 0894 0842
0916 0896 0844
0918 0898 0846
0920 0900 0848
0922 0902 0850
0924 0904 0852
0926 0906 0854
0928 0908 0856
0930 0910 0858
0932 0912 0860
0934 0914 0862
0936 0916 0864
0938 0916 0866
0940 0916 0868
0942 0918 0870
0944 0920 0872
0946 0922 0872
0948 0924 0872
0950 0926 0874
0952 0928 0876
0954 0930 0878
0956 0932 0880
0958 0934 0882
0960 0936 0884
0962 0938 0886
0964 0940 0888
0966 0942 0890
0968 0944 0892
0970 0946 0894
0972 0948 0896
0974 0950 0898
0976 0952 0900
0978 0954 0902
0980 0956 0904
0982 0958 0906
0984 0960 0908
0986 0962 0910
0988 0964 0912
0990 0966 0914
0992 0968 0916
0994 0970 0918
0996 0972 0920
0998 0974 0920
1000 0976 0920
1002 0978 0922
1004 0980 0924
1006 0982 0926
1008 0984 0928
1010 0986 0930
1012 0988 0932
1014 0990 0934
1016 0992 0936
1018 0994 0938
1020 0996 0940
1020 0996 0940
