0000 0000 0000
0002 0002 0002
0004 0004 0004
0006 0006 0006
0008 0008 0008
0010 0010 0010
0012 0012 0012
0014 0014 0014
0016 0016 0016
0018 0018 0018
0020 0020 0020
0022 0022 0022
0024 0024 0024
0026 0026 0026
0028 0028 0028
0030 0030 0030
0032 0032 0032
0034 0034 0034
0036 0036 0036
0038 0038 0038
0040 0040 0040
0042 0042 0042
0044 0044 0044
0046 0046 0046
0048 0048 0048
0050 0050 0050
0052 0052 0052
0054 0054 0054
0056 0056 0056
0058 0058 0058
0060 0060 0060
0062 0062 0062
0064 0064 0064
0066 0066 0066
0068 0068 0068
0070 0070 0068
0072 0072 0068
0074 0074 0070
0076 0076 0072
0078 0078 0074
0080 0080 0076
0082 0082 0078
0084 0084 0080
0086 0086 0082
0088 0088 0084
0090 0090 0086
0092 0092 0088
0094 0094 0090
0096 0096 0092
0098 0098 0094
0100 0100 0096
0102 0102 0098
0104 0104 0100
0106 0106 0102
0108 0108 0104
0110 0110 0106
0112 0112 0108
0114 0114 0110
0116 0116 0112
0118 0118 0114
0120 0120 0116
0122 0122 0118
0124 0124 0120
0126 0126 0122
0128 0128 0124
0130 0130 0126
0132 0132 0128
0134 0134 0130
0136 0136 0132
0138 0138 0134
0140 0140 0136
0142 0142 0138
0144 0144 0140
0146 0146 0142
0148 0148 0144
0150 0150 0146
0152 0152 0148
0154 0154 0150
0156 0156 0152
0158 0158 0154
0160 0160 0156
0162 0162 0158
0164 0164 0160
0166 0166 0162
0168 0168 0164
0170 0170 0166
0172 0172 0168
0174 0174 0170
0176 0176 0172
0178 0178 0174
0180 0180 0176
0182 0182 0178
0184 0184 0180
0186 0186 0182
0188 0188 0184
0190 0190 0186
0192 0192 0188
0194 0194 0190
0196 0196 0192
0198 0198 0194
0200 0200 0196
0202 0202 0198
0204 0204 0200
0206 0206 0200
0208 0208 0200
0210 0210 0202
0212 0212 0204
0214 0214 0206
0216 0216 0208
0218 0218 0210
0220 0220 0212
0222 0222 0214
0224 0224 0216
0226 0224 0218
0228 0224 0220
0230 0226 0222
0232 0228 0224
0234 0230 0226
0236 0232 0228
0238 0234 0230
0240 0236 0232
0242 0238 0234
0244 0240 0236
0246 0242 0238
0248 0244 0240
0250 0246 0242
0252 0248 0244
0254 0250 0246
0256 0252 0248
0258 0254 0250
0260 0256 0252
0262 0258 0254
0264 0260 0256
0266 0262 0258
0268 0264 0260
0270 0266 0262
0272 0268 0264
0274 0270 0266
0276 0272 0268
0278 0274 0270
0280 0276 0272
0282 0278 0274
0284 0280 0276
0286 0282 0278
0288 0284 0280
0290 0286 0282
0292 0288 0284
0294 0290 0286
0296 0292 0288
0298 0294 0290
0300 0296 0292
0302 0298 0294
0304 0300 0296
0306 0302 0298
0308 0304 0300
0310 0306 0302
0312 0308 0304
0314 0310 0306
0316 0312 0308
0318 0314 0310
0320 0316 0312
0322 0318 0314
0324 0320 0316
0326 0322 0318
0328 0324 0320
0330 0326 0322
0332 0328 0324
0334 0330 0326
0336 0332 0328
0338 0334 0330
0340 0336 0332
0342 0338 0332
0344 0340 0332
0346 0342 0334
0348 0344 0336
0350 0346 0338
0352 0348 0340
0354 0350 0342
0356 0352 0344
0358 0354 0346
0360 0356 0348
0362 0358 0350
0364 0360 0352
0366 0362 0354
0368 0364 0356
0370 0366 0358
0372 0368 0360
0374 0370 0362
0376 0372 0364
0378 0374 0366
0380 0376 0368
0382 0378 0370
0384 0380 0372
0386 0382 0374
0388 0384 0376
0390 0386 0378
0392 0388 0380
0394 0390 0382
0396 0392 0384
0398 0394 0386
0400 0396 0388
0402 0398 0390
0404 0400 0392
0406 0402 0394
0408 0404 0396
0410 0406 0398
0412 0408 0400
0414 0410 0402
0416 0412 0404
0418 0414 0406
0420 0416 0408
0422 0418 0410
0424 0420 0412
0426 0422 0414
0428 0424 0416
0430 0426 0418
0432 0428 0420
0434 0430 0422
0436 0432 0424
0438 0434 0426
0440 0436 0428
0442 0438 0430
0444 0440 0432
0446 0442 0434
0448 0444 0436
0450 0446 0438
0452 0448 0440
0454 0450 0442
0456 0452 0444
0458 0454 0446
0460 0456 0448
0462 0458 0450
0464 0460 0452
0466 0462 0454
0468 0464 0456
0470 0466 0458
0472 0468 0460
0474 0470 0462
0476 0472 0464
0478 0474 0464
0480 0476 0464
0482 0478 0466
0484 0480 0468
0486 0482 0470
0488 0484 0472
0490 0486 0474
0492 0488 0476
0494 0490 0478
0496 0492 0480
0498 0494 0482
0500 0496 0484
0502 0498 0486
0504 0500 0488
0506 0502 0490
0508 0504 0492
0510 0506 0494
0512 0508 0496
0514 0510 0498
0516 0512 0500
0518 0514 0502
0520 0516 0504
0522 0518 0506
0524 0520 0508
0526 0522 0510
0528 0524 0512
0530 0526 0514
0532 0528 0516
0534 0530 0518
0536 0532 0520
0538 0534 0522
0540 0536 0524
0542 0538 0526
0544 0540 0528
0546 0542 0530
0548 0544 0532
0550 0546 0534
0552 0548 0536
0554 0550 0538
0556 0552 0540
0558 0554 0542
0560 0556 0544
0562 0558 0546
0564 0560 0548
0566 0562 0550
0568 0564 0552
0570 0566 0554
0572 0568 0556
0574 0570 0558
0576 0572 0560
0578 0574 0562
0580 0576 0564
0582 0578 0566
0584 0580 0568
0586 0582 0570
0588 0584 0572
0590 0586 0574
0592 0588 0576
0594 0590 0578
0596 0592 0580
0598 0594 0582
0600 0596 0584
0602 0598 0586
0604 0600 0588
0606 0602 0590
0608 0604 0592
0610 0606 0594
0612 0608 0596
0614 0610 0596
0616 0612 0596
0618 0614 0598
0620 0616 0600
0622 0618 0602
0624 0620 0604
0626 0622 0606
0628 0624 0608
0630 0626 0610
0632 0628 0612
0634 0630 0614
0636 0632 0616
0638 0634 0618
0640 0636 0620
0642 0638 0622
0644 0640 0624
0646 0642 0626
0648 0644 0628
0650 0646 0630
0652 0648 0632
0654 0650 0634
0656 0652 0636
0658 0654 0638
0660 0656 0640
0662 0658 0642
0664 0660 0644
0666 0662 0646
0668 0664 0648
0670 0666 0650
0672 0668 0652
0674 0670 0654
0676 0672 0656
0678 0674 0658
0680 0676 0660
0682 0676 0662
0684 0676 0664
0686 0678 0666
0688 0680 0668
0690 0682 0670
0692 0684 0672
0694 0686 0674
0696 0688 0676
0698 0690 0678
0700 0692 0680
0702 0694 0682
0704 0696 0684
0706 0698 0686
0708 0700 0688
0710 0702 0690
0712 0704 0692
0714 0706 0694
0716 0708 0696
0718 0710 0698
0720 0712 0700
0722 0714 0702
0724 0716 0704
0726 0718 0706
0728 0720 0708
0730 0722 0710
0732 0724 0712
0734 0726 0714
0736 0728 0716
0738 0730 0718
0740 0732 0720
0742 0734 0722
0744 0736 0724
0746 0738 0726
0748 0740 0728
0750 0742 0728
0752 0744 0728
0754 0746 0730
0756 0748 0732
0758 0750 0734
0760 0752 0736
0762 0754 0738
0764 0756 0740
0766 0758 0742
0768 0760 0744
0770 0762 0746
0772 0764 0748
0774 0766 0750
0776 0768 0752
0778 0770 0754
0780 0772 0756
0782 0774 0758
0784 0776 0760
0786 0778 0762
0788 0780 0764
0790 0782 0766
0792 0784 0768
0794 0786 0770
0796 0788 0772
0798 0790 0774
0800 0792 0776
0802 0794 0778
0804 0796 0780
0806 0798 0782
0808 0800 0784
0810 0802 0786
0812 0804 0788
0814 0806 0790
0816 0808 0792
0818 0810 0794
0820 0812 0796
0822 0814 0798
0824 0816 0800
0826 0818 0802
0828 0820 0804
0830 0822 0806
0832 0824 0808
0834 0826 0810
0836 0828 0812
0838 0830 0814
0840 0832 0816
0842 0834 0818
0844 0836 0820
0846 0838 0822
0848 0840 0824
0850 0842 0826
0852 0844 0828
0854 0846 0830
0856 0848 0832
0858 0850 0834
0860 0852 0836
0862 0854 0838
0864 0856 0840
0866 0858 0842
0868 0860 0844
0870 0862 0846
0872 0864 0848
0874 0866 0850
0876 0868 0852
0878 0870 0854
0880 0872 0856
0882 0874 0858
0884 0876 0860
0886 0878 0860
0888 0880 0860
0890 0882 0862
0892 0884 0864
0894 0886 0866
0896 0888 0868
0898 0890 0870
0900 0892 0872
0902 0894 0874
0904 0896 0876
0906 0898 0878
0908 0900 0880
0910 0902 0882
0912 0904 0884
0914 0906 0886
0916 0908 0888
0918 0910 0890
0920 0912 0892
0922 0914 0894
0924 0916 0896
0926 0918 0898
0928 0920 0900
0930 0922 0902
0932 0924 0904
0934 0926 0906
0936 0928 0908
0938 0930 0910
0940 0932 0912
0942 0934 0914
0944 0936 0916
0946 0938 0918
0948 0940 0920
0950 0942 0922
0952 0944 0924
0954 0946 0926
0956 0948 0928
0958 0950 0930
0960 0952 0932
0962 0954 0934
0964 0956 0936
0966 0958 0938
0968 0960 0940
0970 0962 0942
0972 0964 0944
0974 0966 0946
0976 0968 0948
0978 0970 0950
0980 0972 0952
0982 0974 0954
0984 0976 0956
0986 0978 0958
0988 0980 0960
0990 0982 0962
0992 0984 0964
0994 0986 0966
0996 0988 0968
0998 0990 0970
1000 0992 0972
1002 0994 0974
1004 0996 0976
1006 0998 0978
1008 1000 0980
1010 1002 0982
1012 1004 0984
1014 1006 0986
1016 1008 0988
1018 1010 0990
1020 1012 0992
1020 1012 0992
