0000 0000 0000
0002 0002 0002
0004 0004 0004
0006 0006 0006
0008 0008 0008
0010 0010 0010
0012 0012 0012
0014 0014 0012
0016 0016 0012
0018 0018 0014
0020 0020 0016
0022 0022 0018
0024 0024 0020
0026 0026 0022
0028 0028 0024
0030 0030 0026
0032 0032 0028
0034 0034 0030
0036 0036 0032
0038 0038 0032
0040 0040 0032
0042 0042 0034
0044 0044 0036
0046 0046 0038
0048 0048 0040
0050 0050 0042
0052 0052 0044
0054 0054 0046
0056 0056 0048
0058 0056 0050
0060 0056 0052
0062 0058 0054
0064 0060 0056
0066 0062 0056
0068 0064 0056
0070 0066 0058
0072 0068 0060
0074 0070 0062
0076 0072 0064
0078 0074 0066
0080 0076 0068
0082 0078 0070
0084 0080 0072
0086 0082 0074
0088 0084 0076
0090 0086 0076
0092 0088 0076
0094 0090 0078
0096 0092 0080
0098 0094 0082
0100 0096 0084
0102 0098 0086
0104 0100 0088
0106 0102 0090
0108 0104 0092
0110 0106 0094
0112 0108 0096
0114 0110 0096
0116 0112 0096
0118 0114 0098
0120 0116 0100
0122 0118 0102
0124 0120 0104
0126 0122 0106
0128 0124 0108
0130 0126 0110
0132 0128 0112
0134 0130 0114
0136 0132 0116
0138 0134 0118
0140 0136 0120
0142 0138 0120
0144 0140 0120
0146 0142 0122
0148 0144 0124
0150 0146 0126
0152 0148 0128
0154 0150 0130
0156 0152 0132
0158 0154 0134
0160 0156 0136
0162 0158 0138
0164 0160 0140
0166 0162 0140
0168 0164 0140
0170 0166 0142
0172 0168 0144
0174 0168 0146
0176 0168 0148
0178 0170 0150
0180 0172 0152
0182 0174 0154
0184 0176 0156
0186 0178 0158
0188 0180 0160
0190 0182 0162
0192 0184 0164
0194 0186 0164
0196 0188 0164
0198 0190 0166
0200 0192 0168
0202 0194 0170
0204 0196 0172
0206 0198 0174
0208 0200 0176
0210 0202 0178
0212 0204 0180
0214 0206 0182
0216 0208 0184
0218 0210 0184
0220 0212 0184
0222 0214 0186
0224 0216 0188
0226 0218 0190
0228 0220 0192
0230 0222 0194
0232 0224 0196
0234 0226 0198
0236 0228 0200
0238 0230 0202
0240 0232 0204
0242 0234 0204
0244 0236 0204
0246 0238 0206
0248 0240 0208
0250 0242 0210
0252 0244 0212
0254 0246 0214
0256 0248 0216
0258 0250 0218
0260 0252 0220
0262 0254 0222
0264 0256 0224
0266 0258 0226
0268 0260 0228
0270 0262 0228
0272 0264 0228
0274 0266 0230
0276 0268 0232
0278 0270 0234
0280 0272 0236
0282 0274 0238
0284 0276 0240
0286 0276 0242
0288 0276 0244
0290 0278 0246
0292 0280 0248
0294 0282 0248
0296 0284 0248
0298 0286 0250
0300 0288 0252
0302 0290 0254
0304 0292 0256
0306 0294 0258
0308 0296 0260
0310 0298 0262
0312 0300 0264
0314 0302 0266
0316 0304 0268
0318 0306 0270
0320 0308 0272
0322 0310 0272
0324 0312 0272
0326 0314 0274
0328 0316 0276
0330 0318 0278
0332 0320 0280
0334 0322 0282
0336 0324 0284
0338 0326 0286
0340 0328 0288
0342 0330 0290
0344 0332 0292
0346 0334 0292
0348 0336 0292
0350 0338 0294
0352 0340 0296
0354 0342 0298
0356 0344 0300
0358 0346 0302
0360 0348 0304
0362 0350 0306
0364 0352 0308
0366 0354 0310
0368 0356 0312
0370 0358 0314
0372 0360 0316
0374 0362 0316
0376 0364 0316
0378 0366 0318
0380 0368 0320
0382 0370 0322
0384 0372 0324
0386 0374 0326
0388 0376 0328
0390 0378 0330
0392 0380 0332
0394 0382 0334
0396 0384 0336
0398 0386 0336
0400 0388 0336
0402 0388 0338
0404 0388 0340
0406 0390 0342
0408 0392 0344
0410 0394 0346
0412 0396 0348
0414 0398 0350
0416 0400 0352
0418 0402 0354
0420 0404 0356
0422 0406 0356
0424 0408 0356
0426 0410 0358
0428 0412 0360
0430 0414 0362
0432 0416 0364
0434 0418 0366
0436 0420 0368
0438 0422 0370
0440 0424 0372
0442 0426 0374
0444 0428 0376
0446 0430 0378
0448 0432 0380
0450 0434 0380
0452 0436 0380
0454 0438 0382
0456 0440 0384
0458 0442 0386
0460 0444 0388
0462 0446 0390
0464 0448 0392
0466 0450 0394
0468 0452 0396
0470 0454 0398
0472 0456 0400
0474 0458 0400
0476 0460 0400
0478 0462 0402
0480 0464 0404
0482 0466 0406
0484 0468 0408
0486 0470 0410
0488 0472 0412
0490 0474 0414
0492 0476 0416
0494 0478 0418
0496 0480 0420
0498 0482 0422
0500 0484 0424
0502 0486 0424
0504 0488 0424
0506 0490 0426
0508 0492 0428
0510 0494 0430
0512 0496 0432
0514 0498 0434
0516 0500 0436
0518 0500 0438
0520 0500 0440
0522 0502 0442
0524 0504 0444
0526 0506 0444
0528 0508 0444
0530 0510 0446
0532 0512 0448
0534 0514 0450
0536 0516 0452
0538 0518 0454
0540 0520 0456
0542 0522 0458
0544 0524 0460
0546 0526 0462
0548 0528 0464
0550 0530 0464
0552 0532 0464
0554 0534 0466
0556 0536 0468
0558 0538 0470
0560 0540 0472
0562 0542 0474
0564 0544 0476
0566 0546 0478
0568 0548 0480
0570 0550 0482
0572 0552 0484
0574 0554 0486
0576 0556 0488
0578 0558 0488
0580 0560 0488
0582 0562 0490
0584 0564 0492
0586 0566 0494
0588 0568 0496
0590 0570 0498
0592 0572 0500
0594 0574 0502
0596 0576 0504
0598 0578 0506
0600 0580 0508
0602 0582 0508
0604 0584 0508
0606 0586 0510
0608 0588 0512
0610 0590 0514
0612 0592 0516
0614 0594 0518
0616 0596 0520
0618 0598 0522
0620 0600 0524
0622 0602 0526
0624 0604 0528
0626 0606 0530
0628 0608 0532
0630 0610 0532
0632 0612 0532
0634 0612 0534
0636 0612 0536
0638 0614 0538
0640 0616 0540
0642 0618 0542
0644 0620 0544
0646 0622 0546
0648 0624 0548
0650 0626 0550
0652 0628 0552
0654 0630 0552
0656 0632 0552
0658 0634 0554
0660 0636 0556
0662 0638 0558
0664 0640 0560
0666 0642 0562
0668 0644 0564
0670 0646 0566
0672 0648 0568
0674 0650 0570
0676 0652 0572
0678 0654 0572
0680 0656 0572
0682 0658 0574
0684 0660 0576
0686 0662 0578
0688 0664 0580
0690 0666 0582
0692 0668 0584
0694 0670 0586
0696 0672 0588
0698 0674 0590
0700 0676 0592
0702 0678 0594
0704 0680 0596
0706 0682 0596
0708 0684 0596
0710 0686 0598
0712 0688 0600
0714 0690 0602
0716 0692 0604
0718 0694 0606
0720 0696 0608
0722 0698 0610
0724 0700 0612
0726 0702 0614
0728 0704 0616
0730 0706 0616
0732 0708 0616
0734 0710 0618
0736 0712 0620
0738 0714 0622
0740 0716 0624
0742 0718 0626
0744 0720 0628
0746 0722 0630
0748 0724 0632
0750 0724 0634
0752 0724 0636
0754 0726 0638
0756 0728 0640
0758 0730 0640
0760 0732 0640
0762 0734 0642
0764 0736 0644
0766 0738 0646
0768 0740 0648
0770 0742 0650
0772 0744 0652
0774 0746 0654
0776 0748 0656
0778 0750 0658
0780 0752 0660
0782 0754 0660
0784 0756 0660
0786 0758 0662
0788 0760 0664
0790 0762 0666
0792 0764 0668
0794 0766 0670
0796 0768 0672
0798 0770 0674
0800 0772 0676
0802 0774 0678
0804 0776 0680
0806 0778 0682
0808 0780 0684
0810 0782 0684
0812 0784 0684
0814 0786 0686
0816 0788 0688
0818 0790 0690
0820 0792 0692
0822 0794 0694
0824 0796 0696
0826 0798 0698
0828 0800 0700
0830 0802 0702
0832 0804 0704
0834 0806 0704
0836 0808 0704
0838 0810 0706
0840 0812 0708
0842 0814 0710
0844 0816 0712
0846 0818 0714
0848 0820 0716
0850 0822 0718
0852 0824 0720
0854 0826 0722
0856 0828 0724
0858 0830 0724
0860 0832 0724
0862 0832 0726
0864 0832 0728
0866 0834 0730
0868 0836 0732
0870 0838 0734
0872 0840 0736
0874 0842 0738
0876 0844 0740
0878 0846 0742
0880 0848 0744
0882 0850 0746
0884 0852 0748
0886 0854 0748
0888 0856 0748
0890 0858 0750
0892 0860 0752
0894 0862 0754
0896 0864 0756
0898 0866 0758
0900 0868 0760
0902 0870 0762
0904 0872 0764
0906 0874 0766
0908 0876 0768
0910 0878 0768
0912 0880 0768
0914 0882 0770
0916 0884 0772
0918 0886 0774
0920 0888 0776
0922 0890 0778
0924 0892 0780
0926 0894 0782
0928 0896 0784
0930 0898 0786
0932 0900 0788
0934 0902 0790
0936 0904 0792
0938 0906 0792
0940 0908 0792
0942 0910 0794
0944 0912 0796
0946 0914 0798
0948 0916 0800
0950 0918 0802
0952 0920 0804
0954 0922 0806
0956 0924 0808
0958 0926 0810
0960 0928 0812
0962 0930 0812
0964 0932 0812
0966 0934 0814
0968 0936 0816
0970 0938 0818
0972 0940 0820
0974 0942 0822
0976 0944 0824
0978 0944 0826
0980 0944 0828
0982 0946 0830
0984 0948 0832
0986 0950 0832
0988 0952 0832
0990 0954 0834
0992 0956 0836
0994 0958 0838
0996 0960 0840
0998 0962 0842
1000 0964 0844
1002 0966 0846
1004 0968 0848
1006 0970 0850
1008 0972 0852
1010 0974 0854
1012 0976 0856
1014 0978 0856
1016 0980 0856
1018 0982 0858
1020 0984 0860
1020 0984 0860
