0000 0000 0000
0002 0002 0002
0004 0004 0004
0006 0006 0006
0008 0008 0008
0010 0010 0010
0012 0012 0012
0014 0014 0014
0016 0016 0016
0018 0018 0018
0020 0020 0020
0022 0022 0022
0024 0024 0024
0026 0026 0026
0028 0028 0028
0030 0030 0030
0032 0032 0032
0034 0034 0034
0036 0036 0036
0038 0038 0038
0040 0040 0040
0042 0042 0042
0044 0044 0044
0046 0046 0046
0048 0048 0048
0048 0050 0050
0048 0052 0052
0050 0054 0054
0052 0056 0056
0054 0058 0058
0056 0060 0060
0058 0062 0062
0060 0064 0064
0062 0066 0066
0064 0068 0068
0066 0070 0070
0068 0072 0072
0070 0074 0074
0072 0076 0076
0074 0078 0078
0076 0080 0080
0078 0082 0082
0080 0084 0084
0082 0086 0086
0084 0088 0088
0086 0090 0090
0088 0092 0092
0090 0094 0094
0092 0096 0096
0094 0096 0098
0096 0096 0100
0098 0098 0102
0100 0100 0104
0102 0102 0106
0104 0104 0108
0106 0106 0110
0108 0108 0112
0110 0110 0114
0112 0112 0116
0114 0114 0118
0116 0116 0120
0118 0118 0122
0120 0120 0124
0122 0122 0126
0124 0124 0128
0126 0126 0130
0128 0128 0132
0130 0130 0134
0132 0132 0136
0134 0134 0138
0136 0136 0140
0138 0138 0142
0140 0140 0144
0142 0142 0146
0144 0144 0148
0144 0146 0150
0144 0148 0152
0146 0150 0154
0148 0152 0156
0150 0154 0158
0152 0156 0160
0154 0158 0162
0156 0160 0164
0158 0162 0166
0160 0164 0168
0162 0166 0170
0164 0168 0172
0166 0170 0174
0168 0172 0176
0170 0174 0178
0172 0176 0180
0174 0178 0182
0176 0180 0184
0178 0182 0186
0180 0184 0188
0182 0186 0190
0184 0188 0192
0186 0190 0194
0188 0192 0196
0190 0194 0198
0192 0196 0200
0194 0198 0202
0196 0200 0204
0198 0202 0206
0200 0204 0208
0202 0206 0210
0204 0208 0212
0206 0210 0214
0208 0212 0216
0210 0214 0218
0212 0216 0220
0214 0218 0222
0216 0220 0224
0218 0222 0226
0220 0224 0228
0222 0226 0230
0224 0228 0232
0226 0230 0234
0228 0232 0236
0230 0234 0238
0232 0236 0240
0234 0238 0242
0236 0240 0244
0238 0242 0246
0240 0244 0248
0240 0246 0250
0240 0248 0252
0242 0250 0254
0244 0252 0256
0246 0254 0258
0248 0256 0260
0250 0258 0262
0252 0260 0264
0254 0262 0266
0256 0264 0268
0258 0266 0270
0260 0268 0272
0262 0270 0274
0264 0272 0276
0266 0274 0278
0268 0276 0280
0270 0278 0282
0272 0280 0284
0274 0282 0286
0276 0284 0288
0278 0284 0290
0280 0284 0292
0282 0286 0294
0284 0288 0296
0286 0290 0298
0288 0292 0300
0290 0294 0302
0292 0296 0304
0294 0298 0306
0296 0300 0308
0298 0302 0310
0300 0304 0312
0302 0306 0314
0304 0308 0316
0306 0310 0318
0308 0312 0320
0310 0314 0322
0312 0316 0324
0314 0318 0326
0316 0320 0328
0318 0322 0330
0320 0324 0332
0322 0326 0334
0324 0328 0336
0326 0330 0338
0328 0332 0340
0330 0334 0342
0332 0336 0344
0334 0338 0346
0336 0340 0348
0336 0342 0350
0336 0344 0352
0338 0346 0354
0340 0348 0356
0342 0350 0358
0344 0352 0360
0346 0354 0362
0348 0356 0364
0350 0358 0366
0352 0360 0368
0354 0362 0370
0356 0364 0372
0358 0366 0374
0360 0368 0376
0362 0370 0378
0364 0372 0380
0366 0374 0382
0368 0376 0384
0370 0378 0386
0372 0380 0388
0374 0382 0390
0376 0384 0392
0378 0386 0394
0380 0388 0396
0382 0390 0398
0384 0392 0400
0386 0394 0402
0388 0396 0404
0390 0398 0406
0392 0400 0408
0394 0402 0410
0396 0404 0412
0398 0406 0414
0400 0408 0416
0402 0410 0418
0404 0412 0420
0406 0414 0422
0408 0416 0424
0410 0418 0426
0412 0420 0428
0414 0422 0430
0416 0424 0432
0418 0426 0434
0420 0428 0436
0422 0430 0438
0424 0432 0440
0426 0434 0442
0428 0436 0444
0430 0438 0446
0432 0440 0448
0432 0442 0450
0432 0444 0452
0434 0446 0454
0436 0448 0456
0438 0450 0458
0440 0452 0460
0442 0454 0462
0444 0456 0464
0446 0458 0466
0448 0460 0468
0450 0462 0470
0452 0464 0472
0454 0466 0474
0456 0468 0476
0458 0470 0478
0460 0472 0480
0462 0474 0482
0464 0476 0484
0466 0476 0486
0468 0476 0488
0470 0478 0490
0472 0480 0492
0474 0482 0494
0476 0484 0496
0478 0486 0498
0480 0488 0500
0482 0490 0502
0484 0492 0504
0486 0494 0506
0488 0496 0508
0490 0498 0510
0492 0500 0512
0494 0502 0514
0496 0504 0516
0498 0506 0518
0500 0508 0520
0502 0510 0522
0504 0512 0524
0506 0514 0526
0508 0516 0528
0510 0518 0530
0512 0520 0532
0514 0522 0534
0516 0524 0536
0518 0526 0538
0520 0528 0540
0522 0530 0542
0524 0532 0544
0526 0534 0546
0528 0536 0548
0528 0538 0550
0528 0540 0552
0530 0542 0554
0532 0544 0556
0534 0546 0558
0536 0548 0560
0538 0550 0562
0540 0552 0564
0542 0554 0566
0544 0556 0568
0546 0558 0570
0548 0560 0572
0550 0562 0574
0552 0564 0576
0554 0566 0578
0556 0568 0580
0558 0570 0582
0560 0572 0584
0562 0574 0586
0564 0576 0588
0566 0578 0590
0568 0580 0592
0570 0582 0594
0572 0584 0596
0574 0586 0598
0576 0588 0600
0578 0590 0602
0580 0592 0604
0582 0594 0606
0584 0596 0608
0586 0598 0610
0588 0600 0612
0590 0602 0614
0592 0604 0616
0594 0606 0618
0596 0608 0620
0598 0610 0622
0600 0612 0624
0602 0614 0626
0604 0616 0628
0606 0618 0630
0608 0620 0632
0610 0622 0634
0612 0624 0636
0614 0626 0638
0616 0628 0640
0618 0630 0642
0620 0632 0644
0622 0634 0646
0624 0636 0648
0624 0638 0650
0624 0640 0652
0626 0642 0654
0628 0644 0656
0630 0646 0658
0632 0648 0660
0634 0650 0662
0636 0652 0664
0638 0654 0666
0640 0656 0668
0642 0658 0670
0644 0660 0672
0646 0662 0674
0648 0664 0676
0650 0664 0678
0652 0664 0680
0654 0666 0682
0656 0668 0684
0658 0670 0686
0660 0672 0688
0662 0674 0690
0664 0676 0692
0666 0678 0694
0668 0680 0696
0670 0682 0698
0672 0684 0700
0674 0686 0702
0676 0688 0704
0678 0690 0706
0680 0692 0708
0682 0694 0710
0684 0696 0712
0686 0698 0714
0688 0700 0716
0690 0702 0718
0692 0704 0720
0694 0706 0722
0696 0708 0724
0698 0710 0726
0700 0712 0728
0702 0714 0730
0704 0716 0732
0706 0718 0734
0708 0720 0736
0710 0722 0738
0712 0724 0740
0714 0726 0742
0716 0728 0744
0718 0730 0746
0720 0732 0748
0720 0734 0750
0720 0736 0752
0722 0738 0754
0724 0740 0756
0726 0742 0758
0728 0744 0760
0730 0746 0762
0732 0748 0764
0734 0750 0766
0736 0752 0768
0738 0754 0770
0740 0756 0772
0742 0758 0774
0744 0760 0776
0746 0762 0778
0748 0764 0780
0750 0766 0782
0752 0768 0784
0754 0770 0786
0756 0772 0788
0758 0774 0790
0760 0776 0792
0762 0778 0794
0764 0780 0796
0766 0782 0798
0768 0784 0800
0770 0786 0802
0772 0788 0804
0774 0790 0806
0776 0792 0808
0778 0794 0810
0780 0796 0812
0782 0798 0814
0784 0800 0816
0786 0802 0818
0788 0804 0820
0790 0806 0822
0792 0808 0824
0794 0810 0826
0796 0812 0828
0798 0814 0830
0800 0816 0832
0802 0818 0834
0804 0820 0836
0806 0822 0838
0808 0824 0840
0810 0826 0842
0812 0828 0844
0814 0830 0846
0816 0832 0848
0818 0834 0850
0820 0836 0852
0820 0838 0854
0820 0840 0856
0822 0842 0858
0824 0844 0860
0826 0846 0862
0828 0848 0864
0830 0850 0866
0832 0852 0868
0834 0854 0870
0836 0856 0872
0838 0856 0874
0840 0856 0876
0842 0858 0878
0844 0860 0880
0846 0862 0882
0848 0864 0884
0850 0866 0886
0852 0868 0888
0854 0870 0890
0856 0872 0892
0858 0874 0894
0860 0876 0896
0862 0878 0898
0864 0880 0900
0866 0882 0902
0868 0884 0904
0870 0886 0906
0872 0888 0908
0874 0890 0910
0876 0892 0912
0878 0894 0914
0880 0896 0916
0882 0898 0918
0884 0900 0920
0886 0902 0922
0888 0904 0924
0890 0906 0926
0892 0908 0928
0894 0910 0930
0896 0912 0932
0898 0914 0934
0900 0916 0936
0902 0918 0938
0904 0920 0940
0906 0922 0942
0908 0924 0944
0910 0926 0946
0912 0928 0948
0914 0930 0950
0916 0932 0952
0916 0934 0954
0916 0936 0956
0918 0938 0958
0920 0940 0960
0922 0942 0962
0924 0944 0964
0926 0946 0966
0928 0948 0968
0930 0950 0970
0932 0952 0972
0934 0954 0974
0936 0956 0976
0938 0958 0978
0940 0960 0980
0942 0962 0982
0944 0964 0984
0946 0966 0986
0948 0968 0988
0950 0970 0990
0952 0972 0992
0954 0974 0994
0956 0976 0996
0958 0978 0998
0960 0980 1000
0962 0982 1002
0964 0984 1004
0966 0986 1006
0968 0988 1008
0970 0990 1010
0972 0992 1012
0974 0994 1014
0976 0996 1016
0978 0998 1018
0980 1000 1020
0980 1000 1020
