0000 0000 0000
0002 0002 0002
0004 0004 0004
0006 0006 0006
0008 0008 0008
0010 0010 0010
0012 0012 0012
0014 0014 0014
0016 0016 0016
0018 0018 0018
0020 0020 0020
0022 0022 0022
0024 0024 0024
0026 0026 0026
0028 0028 0028
0028 0030 0030
0028 0032 0032
0030 0034 0034
0032 0036 0036
0034 0038 0038
0036 0040 0040
0038 0042 0042
0040 0044 0044
0042 0046 0046
0044 0048 0048
0046 0050 0050
0048 0052 0052
0050 0054 0054
0052 0056 0056
0054 0058 0058
0056 0060 0060
0058 0060 0062
0060 0060 0064
0062 0062 0066
0064 0064 0068
0066 0066 0070
0068 0068 0072
0070 0070 0074
0072 0072 0076
0074 0074 0078
0076 0076 0080
0078 0078 0082
0080 0080 0084
0082 0082 0086
0084 0084 0088
0086 0086 0090
0088 0088 0092
0088 0090 0094
0088 0092 0096
0090 0094 0098
0092 0096 0100
0094 0098 0102
0096 0100 0104
0098 0102 0106
0100 0104 0108
0102 0106 0110
0104 0108 0112
0106 0110 0114
0108 0112 0116
0110 0114 0118
0112 0116 0120
0114 0118 0122
0116 0120 0124
0118 0122 0126
0120 0124 0128
0122 0126 0130
0124 0128 0132
0126 0130 0134
0128 0132 0136
0130 0134 0138
0132 0136 0140
0134 0138 0142
0136 0140 0144
0138 0142 0146
0140 0144 0148
0142 0146 0150
0144 0148 0152
0146 0150 0154
0148 0152 0156
0148 0154 0158
0148 0156 0160
0150 0158 0162
0152 0160 0164
0154 0162 0166
0156 0164 0168
0158 0166 0170
0160 0168 0172
0162 0170 0174
0164 0172 0176
0166 0174 0178
0168 0176 0180
0170 0176 0182
0172 0176 0184
0174 0178 0186
0176 0180 0188
0178 0182 0190
0180 0184 0192
0182 0186 0194
0184 0188 0196
0186 0190 0198
0188 0192 0200
0190 0194 0202
0192 0196 0204
0194 0198 0206
0196 0200 0208
0198 0202 0210
0200 0204 0212
0202 0206 0214
0204 0208 0216
0204 0210 0218
0204 0212 0220
0206 0214 0222
0208 0216 0224
0210 0218 0226
0212 0220 0228
0214 0222 0230
0216 0224 0232
0218 0226 0234
0220 0228 0236
0222 0230 0238
0224 0232 0240
0226 0234 0242
0228 0236 0244
0230 0238 0246
0232 0240 0248
0234 0242 0250
0236 0244 0252
0238 0246 0254
0240 0248 0256
0242 0250 0258
0244 0252 0260
0246 0254 0262
0248 0256 0264
0250 0258 0266
0252 0260 0268
0254 0262 0270
0256 0264 0272
0258 0266 0274
0260 0268 0276
0262 0270 0278
0264 0272 0280
0264 0274 0282
0264 0276 0284
0266 0278 0286
0268 0280 0288
0270 0282 0290
0272 0284 0292
0274 0286 0294
0276 0288 0296
0278 0290 0298
0280 0292 0300
0282 0292 0302
0284 0292 0304
0286 0294 0306
0288 0296 0308
0290 0298 0310
0292 0300 0312
0294 0302 0314
0296 0304 0316
0298 0306 0318
0300 0308 0320
0302 0310 0322
0304 0312 0324
0306 0314 0326
0308 0316 0328
0310 0318 0330
0312 0320 0332
0314 0322 0334
0316 0324 0336
0318 0326 0338
0320 0328 0340
0322 0330 0342
0324 0332 0344
0324 0334 0346
0324 0336 0348
0326 0338 0350
0328 0340 0352
0330 0342 0354
0332 0344 0356
0334 0346 0358
0336 0348 0360
0338 0350 0362
0340 0352 0364
0342 0354 0366
0344 0356 0368
0346 0358 0370
0348 0360 0372
0350 0362 0374
0352 0364 0376
0354 0366 0378
0356 0368 0380
0358 0370 0382
0360 0372 0384
0362 0374 0386
0364 0376 0388
0366 0378 0390
0368 0380 0392
0370 0382 0394
0372 0384 0396
0374 0386 0398
0376 0388 0400
0378 0390 0402
0380 0392 0404
0380 0394 0406
0380 0396 0408
0382 0398 0410
0384 0400 0412
0386 0402 0414
0388 0404 0416
0390 0406 0418
0392 0408 0420
0394 0410 0422
0396 0412 0424
0398 0412 0426
0400 0412 0428
0402 0414 0430
0404 0416 0432
0406 0418 0434
0408 0420 0436
0410 0422 0438
0412 0424 0440
0414 0426 0442
0416 0428 0444
0418 0430 0446
0420 0432 0448
0422 0434 0450
0424 0436 0452
0426 0438 0454
0428 0440 0456
0430 0442 0458
0432 0444 0460
0434 0446 0462
0436 0448 0464
0438 0450 0466
0440 0452 0468
0440 0454 0470
0440 0456 0472
0442 0458 0474
0444 0460 0476
0446 0462 0478
0448 0464 0480
0450 0466 0482
0452 0468 0484
0454 0470 0486
0456 0472 0488
0458 0474 0490
0460 0476 0492
0462 0478 0494
0464 0480 0496
0466 0482 0498
0468 0484 0500
0470 0486 0502
0472 0488 0504
0474 0490 0506
0476 0492 0508
0478 0494 0510
0480 0496 0512
0482 0498 0514
0484 0500 0516
0486 0502 0518
0488 0504 0520
0490 0506 0522
0492 0508 0524
0494 0510 0526
0496 0512 0528
0498 0514 0530
0500 0516 0532
0500 0518 0534
0500 0520 0536
0502 0522 0538
0504 0524 0540
0506 0526 0542
0508 0528 0544
0510 0528 0546
0512 0528 0548
0514 0530 0550
0516 0532 0552
0518 0534 0554
0520 0536 0556
0522 0538 0558
0524 0540 0560
0526 0542 0562
0528 0544 0564
0530 0546 0566
0532 0548 0568
0534 0550 0570
0536 0552 0572
0538 0554 0574
0540 0556 0576
0542 0558 0578
0544 0560 0580
0546 0562 0582
0548 0564 0584
0550 0566 0586
0552 0568 0588
0554 0570 0590
0556 0572 0592
0556 0574 0594
0556 0576 0596
0558 0578 0598
0560 0580 0600
0562 0582 0602
0564 0584 0604
0566 0586 0606
0568 0588 0608
0570 0590 0610
0572 0592 0612
0574 0594 0614
0576 0596 0616
0578 0598 0618
0580 0600 0620
0582 0602 0622
0584 0604 0624
0586 0606 0626
0588 0608 0628
0590 0610 0630
0592 0612 0632
0594 0614 0634
0596 0616 0636
0598 0618 0638
0600 0620 0640
0602 0622 0642
0604 0624 0644
0606 0626 0646
0608 0628 0648
0610 0630 0650
0612 0632 0652
0614 0634 0654
0616 0636 0656
0616 0638 0658
0616 0640 0660
0618 0642 0662
0620 0644 0664
0622 0644 0666
0624 0644 0668
0626 0646 0670
0628 0648 0672
0630 0650 0674
0632 0652 0676
0634 0654 0678
0636 0656 0680
0638 0658 0682
0640 0660 0684
0642 0662 0686
0644 0664 0688
0646 0666 0690
0648 0668 0692
0650 0670 0694
0652 0672 0696
0654 0674 0698
0656 0676 0700
0658 0678 0702
0660 0680 0704
0662 0682 0706
0664 0684 0708
0666 0686 0710
0668 0688 0712
0670 0690 0714
0672 0692 0716
0674 0694 0718
0676 0696 0720
0676 0698 0722
0676 0700 0724
0678 0702 0726
0680 0704 0728
0682 0706 0730
0684 0708 0732
0686 0710 0734
0688 0712 0736
0690 0714 0738
0692 0716 0740
0694 0718 0742
0696 0720 0744
0698 0722 0746
0700 0724 0748
0702 0726 0750
0704 0728 0752
0706 0730 0754
0708 0732 0756
0710 0734 0758
0712 0736 0760
0714 0738 0762
0716 0740 0764
0718 0742 0766
0720 0744 0768
0722 0746 0770
0724 0748 0772
0726 0750 0774
0728 0752 0776
0730 0754 0778
0732 0756 0780
0732 0758 0782
0732 0760 0784
0734 0760 0786
0736 0760 0788
0738 0762 0790
0740 0764 0792
0742 0766 0794
0744 0768 0796
0746 0770 0798
0748 0772 0800
0750 0774 0802
0752 0776 0804
0754 0778 0806
0756 0780 0808
0758 0782 0810
0760 0784 0812
0762 0786 0814
0764 0788 0816
0766 0790 0818
0768 0792 0820
0770 0794 0822
0772 0796 0824
0774 0798 0826
0776 0800 0828
0778 0802 0830
0780 0804 0832
0782 0806 0834
0784 0808 0836
0786 0810 0838
0788 0812 0840
0790 0814 0842
0792 0816 0844
0792 0818 0846
0792 0820 0848
0794 0822 0850
0796 0824 0852
0798 0826 0854
0800 0828 0856
0802 0830 0858
0804 0832 0860
0806 0834 0862
0808 0836 0864
0810 0838 0866
0812 0840 0868
0814 0842 0870
0816 0844 0872
0818 0846 0874
0820 0848 0876
0822 0850 0878
0824 0852 0880
0826 0854 0882
0828 0856 0884
0830 0858 0886
0832 0860 0888
0834 0862 0890
0836 0864 0892
0838 0866 0894
0840 0868 0896
0842 0870 0898
0844 0872 0900
0846 0874 0902
0848 0876 0904
0850 0878 0906
0852 0880 0908
0852 0880 0910
0852 0880 0912
0854 0882 0914
0856 0884 0916
0858 0886 0918
0860 0888 0920
0862 0890 0922
0864 0892 0924
0866 0894 0926
0868 0896 0928
0870 0898 0930
0872 0900 0932
0874 0902 0934
0876 0904 0936
0878 0906 0938
0880 0908 0940
0882 0910 0942
0884 0912 0944
0886 0914 0946
0888 0916 0948
0890 0918 0950
0892 0920 0952
0894 0922 0954
0896 0924 0956
0898 0926 0958
0900 0928 0960
0902 0930 0962
0904 0932 0964
0906 0934 0966
0908 0936 0968
0908 0938 0970
0908 0940 0972
0910 0942 0974
0912 0944 0976
0914 0946 0978
0916 0948 0980
0918 0950 0982
0920 0952 0984
0922 0954 0986
0924 0956 0988
0926 0958 0990
0928 0960 0992
0930 0962 0994
0932 0964 0996
0934 0966 0998
0936 0968 1000
0938 0970 1002
0940 0972 1004
0942 0974 1006
0944 0976 1008
0946 0978 1010
0948 0980 1012
0950 0982 1014
0952 0984 1016
0954 0986 1018
0956 0988 1020
0956 0988 1020
