0000 0000 0000
0002 0002 0002
0004 0004 0004
0006 0006 0006
0008 0008 0008
0010 0010 0010
0012 0012 0012
0014 0014 0012
0016 0016 0012
0018 0018 0014
0020 0020 0016
0022 0022 0018
0024 0024 0020
0026 0026 0022
0028 0028 0024
0030 0030 0026
0032 0032 0028
0034 0034 0030
0036 0036 0032
0038 0038 0034
0040 0040 0036
0042 0042 0038
0044 0044 0040
0046 0046 0040
0048 0048 0040
0050 0050 0042
0052 0052 0044
0054 0054 0046
0056 0056 0048
0058 0058 0050
0060 0060 0052
0062 0062 0054
0064 0064 0056
0066 0066 0058
0068 0068 0060
0070 0070 0062
0072 0072 0064
0074 0074 0066
0076 0076 0068
0078 0078 0068
0080 0080 0068
0082 0082 0070
0084 0084 0072
0086 0086 0074
0088 0088 0076
0090 0088 0078
0092 0088 0080
0094 0090 0082
0096 0092 0084
0098 0094 0086
0100 0096 0088
0102 0098 0090
0104 0100 0092
0106 0102 0092
0108 0104 0092
0110 0106 0094
0112 0108 0096
0114 0110 0098
0116 0112 0100
0118 0114 0102
0120 0116 0104
0122 0118 0106
0124 0120 0108
0126 0122 0110
0128 0124 0112
0130 0126 0114
0132 0128 0116
0134 0130 0118
0136 0132 0120
0138 0134 0120
0140 0136 0120
0142 0138 0122
0144 0140 0124
0146 0142 0126
0148 0144 0128
0150 0146 0130
0152 0148 0132
0154 0150 0134
0156 0152 0136
0158 0154 0138
0160 0156 0140
0162 0158 0142
0164 0160 0144
0166 0162 0146
0168 0164 0148
0170 0166 0148
0172 0168 0148
0174 0170 0150
0176 0172 0152
0178 0174 0154
0180 0176 0156
0182 0178 0158
0184 0180 0160
0186 0182 0162
0188 0184 0164
0190 0186 0166
0192 0188 0168
0194 0190 0170
0196 0192 0172
0198 0194 0172
0200 0196 0172
0202 0198 0174
0204 0200 0176
0206 0202 0178
0208 0204 0180
0210 0206 0182
0212 0208 0184
0214 0210 0186
0216 0212 0188
0218 0214 0190
0220 0216 0192
0222 0218 0194
0224 0220 0196
0226 0222 0198
0228 0224 0200
0230 0226 0200
0232 0228 0200
0234 0230 0202
0236 0232 0204
0238 0234 0206
0240 0236 0208
0242 0238 0210
0244 0240 0212
0246 0242 0214
0248 0244 0216
0250 0246 0218
0252 0248 0220
0254 0250 0222
0256 0252 0224
0258 0254 0224
0260 0256 0224
0262 0258 0226
0264 0260 0228
0266 0262 0230
0268 0264 0232
0270 0266 0234
0272 0268 0236
0274 0268 0238
0276 0268 0240
0278 0270 0242
0280 0272 0244
0282 0274 0246
0284 0276 0248
0286 0278 0250
0288 0280 0252
0290 0282 0252
0292 0284 0252
0294 0286 0254
0296 0288 0256
0298 0290 0258
0300 0292 0260
0302 0294 0262
0304 0296 0264
0306 0298 0266
0308 0300 0268
0310 0302 0270
0312 0304 0272
0314 0306 0274
0316 0308 0276
0318 0310 0278
0320 0312 0280
0322 0314 0280
0324 0316 0280
0326 0318 0282
0328 0320 0284
0330 0322 0286
0332 0324 0288
0334 0326 0290
0336 0328 0292
0338 0330 0294
0340 0332 0296
0342 0334 0298
0344 0336 0300
0346 0338 0302
0348 0340 0304
0350 0342 0304
0352 0344 0304
0354 0346 0306
0356 0348 0308
0358 0350 0310
0360 0352 0312
0362 0354 0314
0364 0356 0316
0366 0358 0318
0368 0360 0320
0370 0362 0322
0372 0364 0324
0374 0366 0326
0376 0368 0328
0378 0370 0330
0380 0372 0332
0382 0374 0332
0384 0376 0332
0386 0378 0334
0388 0380 0336
0390 0382 0338
0392 0384 0340
0394 0386 0342
0396 0388 0344
0398 0390 0346
0400 0392 0348
0402 0394 0350
0404 0396 0352
0406 0398 0354
0408 0400 0356
0410 0402 0358
0412 0404 0360
0414 0406 0360
0416 0408 0360
0418 0410 0362
0420 0412 0364
0422 0414 0366
0424 0416 0368
0426 0418 0370
0428 0420 0372
0430 0422 0374
0432 0424 0376
0434 0426 0378
0436 0428 0380
0438 0430 0382
0440 0432 0384
0442 0434 0384
0444 0436 0384
0446 0438 0386
0448 0440 0388
0450 0442 0390
0452 0444 0392
0454 0444 0394
0456 0444 0396
0458 0446 0398
0460 0448 0400
0462 0450 0402
0464 0452 0404
0466 0454 0406
0468 0456 0408
0470 0458 0410
0472 0460 0412
0474 0462 0412
0476 0464 0412
0478 0466 0414
0480 0468 0416
0482 0470 0418
0484 0472 0420
0486 0474 0422
0488 0476 0424
0490 0478 0426
0492 0480 0428
0494 0482 0430
0496 0484 0432
0498 0486 0434
0500 0488 0436
0502 0490 0438
0504 0492 0440
0506 0494 0440
0508 0496 0440
0510 0498 0442
0512 0500 0444
0514 0502 0446
0516 0504 0448
0518 0506 0450
0520 0508 0452
0522 0510 0454
0524 0512 0456
0526 0514 0458
0528 0516 0460
0530 0518 0462
0532 0520 0464
0534 0522 0464
0536 0524 0464
0538 0526 0466
0540 0528 0468
0542 0530 0470
0544 0532 0472
0546 0534 0474
0548 0536 0476
0550 0538 0478
0552 0540 0480
0554 0542 0482
0556 0544 0484
0558 0546 0486
0560 0548 0488
0562 0550 0490
0564 0552 0492
0566 0554 0492
0568 0556 0492
0570 0558 0494
0572 0560 0496
0574 0562 0498
0576 0564 0500
0578 0566 0502
0580 0568 0504
0582 0570 0506
0584 0572 0508
0586 0574 0510
0588 0576 0512
0590 0578 0514
0592 0580 0516
0594 0582 0516
0596 0584 0516
0598 0586 0518
0600 0588 0520
0602 0590 0522
0604 0592 0524
0606 0594 0526
0608 0596 0528
0610 0598 0530
0612 0600 0532
0614 0602 0534
0616 0604 0536
0618 0606 0538
0620 0608 0540
0622 0610 0542
0624 0612 0544
0626 0614 0544
0628 0616 0544
0630 0618 0546
0632 0620 0548
0634 0620 0550
0636 0620 0552
0638 0622 0554
0640 0624 0556
0642 0626 0558
0644 0628 0560
0646 0630 0562
0648 0632 0564
0650 0634 0566
0652 0636 0568
0654 0638 0570
0656 0640 0572
0658 0642 0572
0660 0644 0572
0662 0646 0574
0664 0648 0576
0666 0650 0578
0668 0652 0580
0670 0654 0582
0672 0656 0584
0674 0658 0586
0676 0660 0588
0678 0662 0590
0680 0664 0592
0682 0666 0594
0684 0668 0596
0686 0670 0596
0688 0672 0596
0690 0674 0598
0692 0676 0600
0694 0678 0602
0696 0680 0604
0698 0682 0606
0700 0684 0608
0702 0686 0610
0704 0688 0612
0706 0690 0614
0708 0692 0616
0710 0694 0618
0712 0696 0620
0714 0698 0622
0716 0700 0624
0718 0702 0624
0720 0704 0624
0722 0706 0626
0724 0708 0628
0726 0710 0630
0728 0712 0632
0730 0714 0634
0732 0716 0636
0734 0718 0638
0736 0720 0640
0738 0722 0642
0740 0724 0644
0742 0726 0646
0744 0728 0648
0746 0730 0650
0748 0732 0652
0750 0734 0652
0752 0736 0652
0754 0738 0654
0756 0740 0656
0758 0742 0658
0760 0744 0660
0762 0746 0662
0764 0748 0664
0766 0750 0666
0768 0752 0668
0770 0754 0670
0772 0756 0672
0774 0758 0674
0776 0760 0676
0778 0762 0676
0780 0764 0676
0782 0766 0678
0784 0768 0680
0786 0770 0682
0788 0772 0684
0790 0774 0686
0792 0776 0688
0794 0778 0690
0796 0780 0692
0798 0782 0694
0800 0784 0696
0802 0786 0698
0804 0788 0700
0806 0790 0702
0808 0792 0704
0810 0794 0704
0812 0796 0704
0814 0798 0706
0816 0800 0708
0818 0800 0710
0820 0800 0712
0822 0802 0714
0824 0804 0716
0826 0806 0718
0828 0808 0720
0830 0810 0722
0832 0812 0724
0834 0814 0726
0836 0816 0728
0838 0818 0730
0840 0820 0732
0842 0822 0732
0844 0824 0732
0846 0826 0734
0848 0828 0736
0850 0830 0738
0852 0832 0740
0854 0834 0742
0856 0836 0744
0858 0838 0746
0860 0840 0748
0862 0842 0750
0864 0844 0752
0866 0846 0754
0868 0848 0756
0870 0850 0756
0872 0852 0756
0874 0854 0758
0876 0856 0760
0878 0858 0762
0880 0860 0764
0882 0862 0766
0884 0864 0768
0886 0866 0770
0888 0868 0772
0890 0870 0774
0892 0872 0776
0894 0874 0778
0896 0876 0780
0898 0878 0782
0900 0880 0784
0902 0882 0784
0904 0884 0784
0906 0886 0786
0908 0888 0788
0910 0890 0790
0912 0892 0792
0914 0894 0794
0916 0896 0796
0918 0898 0798
0920 0900 0800
0922 0902 0802
0924 0904 0804
0926 0906 0806
0928 0908 0808
0930 0910 0810
0932 0912 0812
0934 0914 0812
0936 0916 0812
0938 0918 0814
0940 0920 0816
0942 0922 0818
0944 0924 0820
0946 0926 0822
0948 0928 0824
0950 0930 0826
0952 0932 0828
0954 0934 0830
0956 0936 0832
0958 0938 0834
0960 0940 0836
0962 0942 0836
0964 0944 0836
0966 0946 0838
0968 0948 0840
0970 0950 0842
0972 0952 0844
0974 0954 0846
0976 0956 0848
0978 0958 0850
0980 0960 0852
0982 0962 0854
0984 0964 0856
0986 0966 0858
0988 0968 0860
0990 0970 0862
0992 0972 0864
0994 0974 0864
0996 0976 0864
0998 0976 0866
1000 0976 0868
1002 0978 0870
1004 0980 0872
1006 0982 0874
1008 0984 0876
1010 0986 0878
1012 0988 0880
1014 0990 0882
1016 0992 0884
1018 0994 0886
1020 0996 0888
1020 0996 0888
