0000 0000 0000
0002 0002 0002
0004 0004 0004
0006 0006 0006
0008 0008 0008
0010 0010 0010
0012 0012 0012
0014 0014 0014
0016 0016 0016
0018 0018 0018
0020 0020 0020
0022 0022 0022
0024 0024 0024
0026 0026 0026
0028 0028 0028
0030 0030 0030
0032 0032 0032
0034 0034 0034
0036 0036 0036
0038 0038 0038
0040 0040 0040
0042 0042 0040
0044 0044 0040
0046 0046 0042
0048 0048 0044
0050 0050 0046
0052 0052 0048
0054 0054 0050
0056 0056 0052
0058 0058 0054
0060 0060 0056
0062 0062 0058
0064 0064 0060
0066 0066 0062
0068 0068 0064
0070 0070 0066
0072 0072 0068
0074 0074 0070
0076 0076 0072
0078 0078 0074
0080 0080 0076
0082 0082 0078
0084 0084 0080
0086 0086 0082
0088 0088 0084
0090 0090 0086
0092 0092 0088
0094 0094 0090
0096 0096 0092
0098 0098 0094
0100 0100 0096
0102 0102 0098
0104 0104 0100
0106 0106 0102
0108 0108 0104
0110 0110 0106
0112 0112 0108
0114 0114 0110
0116 0116 0112
0118 0118 0114
0120 0120 0116
0122 0122 0116
0124 0124 0116
0126 0126 0118
0128 0128 0120
0130 0130 0122
0132 0132 0124
0134 0134 0126
0136 0136 0128
0138 0136 0130
0140 0136 0132
0142 0138 0134
0144 0140 0136
0146 0142 0138
0148 0144 0140
0150 0146 0142
0152 0148 0144
0154 0150 0146
0156 0152 0148
0158 0154 0150
0160 0156 0152
0162 0158 0154
0164 0160 0156
0166 0162 0158
0168 0164 0160
0170 0166 0162
0172 0168 0164
0174 0170 0166
0176 0172 0168
0178 0174 0170
0180 0176 0172
0182 0178 0174
0184 0180 0176
0186 0182 0178
0188 0184 0180
0190 0186 0182
0192 0188 0184
0194 0190 0186
0196 0192 0188
0198 0194 0190
0200 0196 0192
0202 0198 0194
0204 0200 0196
0206 0202 0196
0208 0204 0196
0210 0206 0198
0212 0208 0200
0214 0210 0202
0216 0212 0204
0218 0214 0206
0220 0216 0208
0222 0218 0210
0224 0220 0212
0226 0222 0214
0228 0224 0216
0230 0226 0218
0232 0228 0220
0234 0230 0222
0236 0232 0224
0238 0234 0226
0240 0236 0228
0242 0238 0230
0244 0240 0232
0246 0242 0234
0248 0244 0236
0250 0246 0238
0252 0248 0240
0254 0250 0242
0256 0252 0244
0258 0254 0246
0260 0256 0248
0262 0258 0250
0264 0260 0252
0266 0262 0254
0268 0264 0256
0270 0266 0258
0272 0268 0260
0274 0270 0262
0276 0272 0264
0278 0274 0266
0280 0276 0268
0282 0278 0270
0284 0280 0272
0286 0282 0272
0288 0284 0272
0290 0286 0274
0292 0288 0276
0294 0290 0278
0296 0292 0280
0298 0294 0282
0300 0296 0284
0302 0298 0286
0304 0300 0288
0306 0302 0290
0308 0304 0292
0310 0306 0294
0312 0308 0296
0314 0310 0298
0316 0312 0300
0318 0314 0302
0320 0316 0304
0322 0318 0306
0324 0320 0308
0326 0322 0310
0328 0324 0312
0330 0326 0314
0332 0328 0316
0334 0330 0318
0336 0332 0320
0338 0334 0322
0340 0336 0324
0342 0338 0326
0344 0340 0328
0346 0342 0330
0348 0344 0332
0350 0346 0334
0352 0348 0336
0354 0350 0338
0356 0352 0340
0358 0354 0342
0360 0356 0344
0362 0358 0346
0364 0360 0348
0366 0362 0350
0368 0364 0352
0370 0366 0352
0372 0368 0352
0374 0370 0354
0376 0372 0356
0378 0374 0358
0380 0376 0360
0382 0378 0362
0384 0380 0364
0386 0382 0366
0388 0384 0368
0390 0386 0370
0392 0388 0372
0394 0390 0374
0396 0392 0376
0398 0394 0378
0400 0396 0380
0402 0398 0382
0404 0400 0384
0406 0402 0386
0408 0404 0388
0410 0404 0390
0412 0404 0392
0414 0406 0394
0416 0408 0396
0418 0410 0398
0420 0412 0400
0422 0414 0402
0424 0416 0404
0426 0418 0406
0428 0420 0408
0430 0422 0410
0432 0424 0412
0434 0426 0414
0436 0428 0416
0438 0430 0418
0440 0432 0420
0442 0434 0422
0444 0436 0424
0446 0438 0426
0448 0440 0428
0450 0442 0428
0452 0444 0428
0454 0446 0430
0456 0448 0432
0458 0450 0434
0460 0452 0436
0462 0454 0438
0464 0456 0440
0466 0458 0442
0468 0460 0444
0470 0462 0446
0472 0464 0448
0474 0466 0450
0476 0468 0452
0478 0470 0454
0480 0472 0456
0482 0474 0458
0484 0476 0460
0486 0478 0462
0488 0480 0464
0490 0482 0466
0492 0484 0468
0494 0486 0470
0496 0488 0472
0498 0490 0474
0500 0492 0476
0502 0494 0478
0504 0496 0480
0506 0498 0482
0508 0500 0484
0510 0502 0486
0512 0504 0488
0514 0506 0490
0516 0508 0492
0518 0510 0494
0520 0512 0496
0522 0514 0498
0524 0516 0500
0526 0518 0502
0528 0520 0504
0530 0522 0504
0532 0524 0504
0534 0526 0506
0536 0528 0508
0538 0530 0510
0540 0532 0512
0542 0534 0514
0544 0536 0516
0546 0538 0518
0548 0540 0520
0550 0542 0522
0552 0544 0524
0554 0546 0526
0556 0548 0528
0558 0550 0530
0560 0552 0532
0562 0554 0534
0564 0556 0536
0566 0558 0538
0568 0560 0540
0570 0562 0542
0572 0564 0544
0574 0566 0546
0576 0568 0548
0578 0570 0550
0580 0572 0552
0582 0574 0554
0584 0576 0556
0586 0578 0558
0588 0580 0560
0590 0582 0562
0592 0584 0564
0594 0586 0566
0596 0588 0568
0598 0590 0570
0600 0592 0572
0602 0594 0574
0604 0596 0576
0606 0598 0578
0608 0600 0580
0610 0602 0582
0612 0604 0584
0614 0606 0584
0616 0608 0584
0618 0610 0586
0620 0612 0588
0622 0614 0590
0624 0616 0592
0626 0618 0594
0628 0620 0596
0630 0622 0598
0632 0624 0600
0634 0626 0602
0636 0628 0604
0638 0630 0606
0640 0632 0608
0642 0634 0610
0644 0636 0612
0646 0638 0614
0648 0640 0616
0650 0642 0618
0652 0644 0620
0654 0646 0622
0656 0648 0624
0658 0650 0626
0660 0652 0628
0662 0654 0630
0664 0656 0632
0666 0658 0634
0668 0660 0636
0670 0662 0638
0672 0664 0640
0674 0666 0642
0676 0668 0644
0678 0670 0646
0680 0672 0648
0682 0672 0650
0684 0672 0652
0686 0674 0654
0688 0676 0656
0690 0678 0658
0692 0680 0660
0694 0682 0660
0696 0684 0660
0698 0686 0662
0700 0688 0664
0702 0690 0666
0704 0692 0668
0706 0694 0670
0708 0696 0672
0710 0698 0674
0712 0700 0676
0714 0702 0678
0716 0704 0680
0718 0706 0682
0720 0708 0684
0722 0710 0686
0724 0712 0688
0726 0714 0690
0728 0716 0692
0730 0718 0694
0732 0720 0696
0734 0722 0698
0736 0724 0700
0738 0726 0702
0740 0728 0704
0742 0730 0706
0744 0732 0708
0746 0734 0710
0748 0736 0712
0750 0738 0714
0752 0740 0716
0754 0742 0718
0756 0744 0720
0758 0746 0722
0760 0748 0724
0762 0750 0726
0764 0752 0728
0766 0754 0730
0768 0756 0732
0770 0758 0734
0772 0760 0736
0774 0762 0738
0776 0764 0740
0778 0766 0740
0780 0768 0740
0782 0770 0742
0784 0772 0744
0786 0774 0746
0788 0776 0748
0790 0778 0750
0792 0780 0752
0794 0782 0754
0796 0784 0756
0798 0786 0758
0800 0788 0760
0802 0790 0762
0804 0792 0764
0806 0794 0766
0808 0796 0768
0810 0798 0770
0812 0800 0772
0814 0802 0774
0816 0804 0776
0818 0806 0778
0820 0808 0780
0822 0810 0782
0824 0812 0784
0826 0814 0786
0828 0816 0788
0830 0818 0790
0832 0820 0792
0834 0822 0794
0836 0824 0796
0838 0826 0798
0840 0828 0800
0842 0830 0802
0844 0832 0804
0846 0834 0806
0848 0836 0808
0850 0838 0810
0852 0840 0812
0854 0842 0814
0856 0844 0816
0858 0846 0816
0860 0848 0816
0862 0850 0818
0864 0852 0820
0866 0854 0822
0868 0856 0824
0870 0858 0826
0872 0860 0828
0874 0862 0830
0876 0864 0832
0878 0866 0834
0880 0868 0836
0882 0870 0838
0884 0872 0840
0886 0874 0842
0888 0876 0844
0890 0878 0846
0892 0880 0848
0894 0882 0850
0896 0884 0852
0898 0886 0854
0900 0888 0856
0902 0890 0858
0904 0892 0860
0906 0894 0862
0908 0896 0864
0910 0898 0866
0912 0900 0868
0914 0902 0870
0916 0904 0872
0918 0906 0874
0920 0908 0876
0922 0910 0878
0924 0912 0880
0926 0914 0882
0928 0916 0884
0930 0918 0886
0932 0920 0888
0934 0922 0890
0936 0924 0892
0938 0926 0894
0940 0928 0896
0942 0930 0896
0944 0932 0896
0946 0934 0898
0948 0936 0900
0950 0938 0902
0952 0940 0904
0954 0940 0906
0956 0940 0908
0958 0942 0910
0960 0944 0912
0962 0946 0914
0964 0948 0916
0966 0950 0918
0968 0952 0920
0970 0954 0922
0972 0956 0924
0974 0958 0926
0976 0960 0928
0978 0962 0930
0980 0964 0932
0982 0966 0934
0984 0968 0936
0986 0970 0938
0988 0972 0940
0990 0974 0942
0992 0976 0944
0994 0978 0946
0996 0980 0948
0998 0982 0950
1000 0984 0952
1002 0986 0954
1004 0988 0956
1006 0990 0958
1008 0992 0960
1010 0994 0962
1012 0996 0964
1014 0998 0966
1016 1000 0968
1018 1002 0970
1020 1004 0972
1020 1004 0972
