0000 0000 0000
0002 0002 0002
0004 0004 0004
0006 0006 0006
0008 0008 0008
0010 0010 0010
0012 0012 0012
0014 0014 0014
0016 0016 0016
0018 0018 0018
0020 0020 0020
0022 0022 0022
0024 0024 0024
0026 0026 0026
0028 0028 0028
0030 0030 0028
0032 0032 0028
0034 0034 0030
0036 0036 0032
0038 0038 0034
0040 0040 0036
0042 0042 0038
0044 0044 0040
0046 0046 0042
0048 0048 0044
0050 0050 0046
0052 0052 0048
0054 0054 0050
0056 0056 0052
0058 0058 0054
0060 0060 0056
0062 0062 0058
0064 0064 0060
0066 0066 0062
0068 0068 0064
0070 0070 0066
0072 0072 0068
0074 0074 0070
0076 0076 0072
0078 0078 0074
0080 0080 0076
0082 0082 0078
0084 0084 0080
0086 0086 0080
0088 0088 0080
0090 0090 0082
0092 0092 0084
0094 0094 0086
0096 0096 0088
0098 0096 0090
0100 0096 0092
0102 0098 0094
0104 0100 0096
0106 0102 0098
0108 0104 0100
0110 0106 0102
0112 0108 0104
0114 0110 0106
0116 0112 0108
0118 0114 0110
0120 0116 0112
0122 0118 0114
0124 0120 0116
0126 0122 0118
0128 0124 0120
0130 0126 0122
0132 0128 0124
0134 0130 0126
0136 0132 0128
0138 0134 0130
0140 0136 0132
0142 0138 0134
0144 0140 0136
0146 0142 0136
0148 0144 0136
0150 0146 0138
0152 0148 0140
0154 0150 0142
0156 0152 0144
0158 0154 0146
0160 0156 0148
0162 0158 0150
0164 0160 0152
0166 0162 0154
0168 0164 0156
0170 0166 0158
0172 0168 0160
0174 0170 0162
0176 0172 0164
0178 0174 0166
0180 0176 0168
0182 0178 0170
0184 0180 0172
0186 0182 0174
0188 0184 0176
0190 0186 0178
0192 0188 0180
0194 0190 0182
0196 0192 0184
0198 0194 0186
0200 0196 0188
0202 0198 0190
0204 0200 0192
0206 0202 0192
0208 0204 0192
0210 0206 0194
0212 0208 0196
0214 0210 0198
0216 0212 0200
0218 0214 0202
0220 0216 0204
0222 0218 0206
0224 0220 0208
0226 0222 0210
0228 0224 0212
0230 0226 0214
0232 0228 0216
0234 0230 0218
0236 0232 0220
0238 0234 0222
0240 0236 0224
0242 0238 0226
0244 0240 0228
0246 0242 0230
0248 0244 0232
0250 0246 0234
0252 0248 0236
0254 0250 0238
0256 0252 0240
0258 0254 0242
0260 0256 0244
0262 0258 0244
0264 0260 0244
0266 0262 0246
0268 0264 0248
0270 0266 0250
0272 0268 0252
0274 0270 0254
0276 0272 0256
0278 0274 0258
0280 0276 0260
0282 0278 0262
0284 0280 0264
0286 0282 0266
0288 0284 0268
0290 0286 0270
0292 0288 0272
0294 0288 0274
0296 0288 0276
0298 0290 0278
0300 0292 0280
0302 0294 0282
0304 0296 0284
0306 0298 0286
0308 0300 0288
0310 0302 0290
0312 0304 0292
0314 0306 0294
0316 0308 0296
0318 0310 0298
0320 0312 0300
0322 0314 0300
0324 0316 0300
0326 0318 0302
0328 0320 0304
0330 0322 0306
0332 0324 0308
0334 0326 0310
0336 0328 0312
0338 0330 0314
0340 0332 0316
0342 0334 0318
0344 0336 0320
0346 0338 0322
0348 0340 0324
0350 0342 0326
0352 0344 0328
0354 0346 0330
0356 0348 0332
0358 0350 0334
0360 0352 0336
0362 0354 0338
0364 0356 0340
0366 0358 0342
0368 0360 0344
0370 0362 0346
0372 0364 0348
0374 0366 0350
0376 0368 0352
0378 0370 0352
0380 0372 0352
0382 0374 0354
0384 0376 0356
0386 0378 0358
0388 0380 0360
0390 0382 0362
0392 0384 0364
0394 0386 0366
0396 0388 0368
0398 0390 0370
0400 0392 0372
0402 0394 0374
0404 0396 0376
0406 0398 0378
0408 0400 0380
0410 0402 0382
0412 0404 0384
0414 0406 0386
0416 0408 0388
0418 0410 0390
0420 0412 0392
0422 0414 0394
0424 0416 0396
0426 0418 0398
0428 0420 0400
0430 0422 0402
0432 0424 0404
0434 0426 0406
0436 0428 0408
0438 0430 0408
0440 0432 0408
0442 0434 0410
0444 0436 0412
0446 0438 0414
0448 0440 0416
0450 0442 0418
0452 0444 0420
0454 0446 0422
0456 0448 0424
0458 0450 0426
0460 0452 0428
0462 0454 0430
0464 0456 0432
0466 0458 0434
0468 0460 0436
0470 0462 0438
0472 0464 0440
0474 0466 0442
0476 0468 0444
0478 0470 0446
0480 0472 0448
0482 0474 0450
0484 0476 0452
0486 0476 0454
0488 0476 0456
0490 0478 0458
0492 0480 0460
0494 0482 0462
0496 0484 0464
0498 0486 0464
0500 0488 0464
0502 0490 0466
0504 0492 0468
0506 0494 0470
0508 0496 0472
0510 0498 0474
0512 0500 0476
0514 0502 0478
0516 0504 0480
0518 0506 0482
0520 0508 0484
0522 0510 0486
0524 0512 0488
0526 0514 0490
0528 0516 0492
0530 0518 0494
0532 0520 0496
0534 0522 0498
0536 0524 0500
0538 0526 0502
0540 0528 0504
0542 0530 0506
0544 0532 0508
0546 0534 0510
0548 0536 0512
0550 0538 0514
0552 0540 0516
0554 0542 0516
0556 0544 0516
0558 0546 0518
0560 0548 0520
0562 0550 0522
0564 0552 0524
0566 0554 0526
0568 0556 0528
0570 0558 0530
0572 0560 0532
0574 0562 0534
0576 0564 0536
0578 0566 0538
0580 0568 0540
0582 0570 0542
0584 0572 0544
0586 0574 0546
0588 0576 0548
0590 0578 0550
0592 0580 0552
0594 0582 0554
0596 0584 0556
0598 0586 0558
0600 0588 0560
0602 0590 0562
0604 0592 0564
0606 0594 0566
0608 0596 0568
0610 0598 0570
0612 0600 0572
0614 0602 0572
0616 0604 0572
0618 0606 0574
0620 0608 0576
0622 0610 0578
0624 0612 0580
0626 0614 0582
0628 0616 0584
0630 0618 0586
0632 0620 0588
0634 0622 0590
0636 0624 0592
0638 0626 0594
0640 0628 0596
0642 0630 0598
0644 0632 0600
0646 0634 0602
0648 0636 0604
0650 0638 0606
0652 0640 0608
0654 0642 0610
0656 0644 0612
0658 0646 0614
0660 0648 0616
0662 0650 0618
0664 0652 0620
0666 0654 0622
0668 0656 0624
0670 0658 0626
0672 0660 0628
0674 0662 0628
0676 0664 0628
0678 0666 0630
0680 0668 0632
0682 0668 0634
0684 0668 0636
0686 0670 0638
0688 0672 0640
0690 0674 0642
0692 0676 0644
0694 0678 0646
0696 0680 0648
0698 0682 0650
0700 0684 0652
0702 0686 0654
0704 0688 0656
0706 0690 0658
0708 0692 0660
0710 0694 0662
0712 0696 0664
0714 0698 0666
0716 0700 0668
0718 0702 0670
0720 0704 0672
0722 0706 0674
0724 0708 0676
0726 0710 0678
0728 0712 0680
0730 0714 0680
0732 0716 0680
0734 0718 0682
0736 0720 0684
0738 0722 0686
0740 0724 0688
0742 0726 0690
0744 0728 0692
0746 0730 0694
0748 0732 0696
0750 0734 0698
0752 0736 0700
0754 0738 0702
0756 0740 0704
0758 0742 0706
0760 0744 0708
0762 0746 0710
0764 0748 0712
0766 0750 0714
0768 0752 0716
0770 0754 0718
0772 0756 0720
0774 0758 0722
0776 0760 0724
0778 0762 0726
0780 0764 0728
0782 0766 0730
0784 0768 0732
0786 0770 0734
0788 0772 0736
0790 0774 0736
0792 0776 0736
0794 0778 0738
0796 0780 0740
0798 0782 0742
0800 0784 0744
0802 0786 0746
0804 0788 0748
0806 0790 0750
0808 0792 0752
0810 0794 0754
0812 0796 0756
0814 0798 0758
0816 0800 0760
0818 0802 0762
0820 0804 0764
0822 0806 0766
0824 0808 0768
0826 0810 0770
0828 0812 0772
0830 0814 0774
0832 0816 0776
0834 0818 0778
0836 0820 0780
0838 0822 0782
0840 0824 0784
0842 0826 0786
0844 0828 0788
0846 0830 0788
0848 0832 0788
0850 0834 0790
0852 0836 0792
0854 0838 0794
0856 0840 0796
0858 0842 0798
0860 0844 0800
0862 0846 0802
0864 0848 0804
0866 0850 0806
0868 0852 0808
0870 0854 0810
0872 0856 0812
0874 0858 0814
0876 0860 0816
0878 0860 0818
0880 0860 0820
0882 0862 0822
0884 0864 0824
0886 0866 0826
0888 0868 0828
0890 0870 0830
0892 0872 0832
0894 0874 0834
0896 0876 0836
0898 0878 0838
0900 0880 0840
0902 0882 0842
0904 0884 0844
0906 0886 0844
0908 0888 0844
0910 0890 0846
0912 0892 0848
0914 0894 0850
0916 0896 0852
0918 0898 0854
0920 0900 0856
0922 0902 0858
0924 0904 0860
0926 0906 0862
0928 0908 0864
0930 0910 0866
0932 0912 0868
0934 0914 0870
0936 0916 0872
0938 0918 0874
0940 0920 0876
0942 0922 0878
0944 0924 0880
0946 0926 0882
0948 0928 0884
0950 0930 0886
0952 0932 0888
0954 0934 0890
0956 0936 0892
0958 0938 0894
0960 0940 0896
0962 0942 0898
0964 0944 0900
0966 0946 0900
0968 0948 0900
0970 0950 0902
0972 0952 0904
0974 0954 0906
0976 0956 0908
0978 0958 0910
0980 0960 0912
0982 0962 0914
0984 0964 0916
0986 0966 0918
0988 0968 0920
0990 0970 0922
0992 0972 0924
0994 0974 0926
0996 0976 0928
0998 0978 0930
1000 0980 0932
1002 0982 0934
1004 0984 0936
1006 0986 0938
1008 0988 0940
1010 0990 0942
1012 0992 0944
1014 0994 0946
1016 0996 0948
1018 0998 0950
1020 1000 0952
1020 1000 0952
