0000 0000 0000
0002 0002 0002
0004 0004 0004
0006 0006 0006
0008 0008 0008
0010 0010 0008
0012 0012 0008
0014 0014 0010
0016 0016 0012
0018 0018 0014
0020 0020 0016
0022 0022 0018
0024 0024 0020
0026 0026 0022
0028 0028 0024
0030 0030 0026
0032 0032 0028
0034 0034 0028
0036 0036 0028
0038 0038 0030
0040 0040 0032
0042 0040 0034
0044 0040 0036
0046 0042 0038
0048 0044 0040
0050 0046 0042
0052 0048 0044
0054 0050 0044
0056 0052 0044
0058 0054 0046
0060 0056 0048
0062 0058 0050
0064 0060 0052
0066 0062 0054
0068 0064 0056
0070 0066 0058
0072 0068 0060
0074 0070 0062
0076 0072 0064
0078 0074 0064
0080 0076 0064
0082 0078 0066
0084 0080 0068
0086 0082 0070
0088 0084 0072
0090 0086 0074
0092 0088 0076
0094 0090 0078
0096 0092 0080
0098 0094 0080
0100 0096 0080
0102 0098 0082
0104 0100 0084
0106 0102 0086
0108 0104 0088
0110 0106 0090
0112 0108 0092
0114 0110 0094
0116 0112 0096
0118 0114 0098
0120 0116 0100
0122 0118 0100
0124 0120 0100
0126 0120 0102
0128 0120 0104
0130 0122 0106
0132 0124 0108
0134 0126 0110
0136 0128 0112
0138 0130 0114
0140 0132 0116
0142 0134 0116
0144 0136 0116
0146 0138 0118
0148 0140 0120
0150 0142 0122
0152 0144 0124
0154 0146 0126
0156 0148 0128
0158 0150 0130
0160 0152 0132
0162 0154 0134
0164 0156 0136
0166 0158 0136
0168 0160 0136
0170 0162 0138
0172 0164 0140
0174 0166 0142
0176 0168 0144
0178 0170 0146
0180 0172 0148
0182 0174 0150
0184 0176 0152
0186 0178 0152
0188 0180 0152
0190 0182 0154
0192 0184 0156
0194 0186 0158
0196 0188 0160
0198 0190 0162
0200 0192 0164
0202 0194 0166
0204 0196 0168
0206 0198 0170
0208 0200 0172
0210 0200 0172
0212 0200 0172
0214 0202 0174
0216 0204 0176
0218 0206 0178
0220 0208 0180
0222 0210 0182
0224 0212 0184
0226 0214 0186
0228 0216 0188
0230 0218 0190
0232 0220 0192
0234 0222 0192
0236 0224 0192
0238 0226 0194
0240 0228 0196
0242 0230 0198
0244 0232 0200
0246 0234 0202
0248 0236 0204
0250 0238 0206
0252 0240 0208
0254 0242 0208
0256 0244 0208
0258 0246 0210
0260 0248 0212
0262 0250 0214
0264 0252 0216
0266 0254 0218
0268 0256 0220
0270 0258 0222
0272 0260 0224
0274 0262 0226
0276 0264 0228
0278 0266 0228
0280 0268 0228
0282 0270 0230
0284 0272 0232
0286 0274 0234
0288 0276 0236
0290 0278 0238
0292 0280 0240
0294 0280 0242
0296 0280 0244
0298 0282 0244
0300 0284 0244
0302 0286 0246
0304 0288 0248
0306 0290 0250
0308 0292 0252
0310 0294 0254
0312 0296 0256
0314 0298 0258
0316 0300 0260
0318 0302 0262
0320 0304 0264
0322 0306 0264
0324 0308 0264
0326 0310 0266
0328 0312 0268
0330 0314 0270
0332 0316 0272
0334 0318 0274
0336 0320 0276
0338 0322 0278
0340 0324 0280
0342 0326 0280
0344 0328 0280
0346 0330 0282
0348 0332 0284
0350 0334 0286
0352 0336 0288
0354 0338 0290
0356 0340 0292
0358 0342 0294
0360 0344 0296
0362 0346 0298
0364 0348 0300
0366 0350 0300
0368 0352 0300
0370 0354 0302
0372 0356 0304
0374 0358 0306
0376 0360 0308
0378 0360 0310
0380 0360 0312
0382 0362 0314
0384 0364 0316
0386 0366 0316
0388 0368 0316
0390 0370 0318
0392 0372 0320
0394 0374 0322
0396 0376 0324
0398 0378 0326
0400 0380 0328
0402 0382 0330
0404 0384 0332
0406 0386 0334
0408 0388 0336
0410 0390 0336
0412 0392 0336
0414 0394 0338
0416 0396 0340
0418 0398 0342
0420 0400 0344
0422 0402 0346
0424 0404 0348
0426 0406 0350
0428 0408 0352
0430 0410 0352
0432 0412 0352
0434 0414 0354
0436 0416 0356
0438 0418 0358
0440 0420 0360
0442 0422 0362
0444 0424 0364
0446 0426 0366
0448 0428 0368
0450 0430 0370
0452 0432 0372
0454 0434 0372
0456 0436 0372
0458 0438 0374
0460 0440 0376
0462 0440 0378
0464 0440 0380
0466 0442 0382
0468 0444 0384
0470 0446 0386
0472 0448 0388
0474 0450 0388
0476 0452 0388
0478 0454 0390
0480 0456 0392
0482 0458 0394
0484 0460 0396
0486 0462 0398
0488 0464 0400
0490 0466 0402
0492 0468 0404
0494 0470 0406
0496 0472 0408
0498 0474 0408
0500 0476 0408
0502 0478 0410
0504 0480 0412
0506 0482 0414
0508 0484 0416
0510 0486 0418
0512 0488 0420
0514 0490 0422
0516 0492 0424
0518 0494 0424
0520 0496 0424
0522 0498 0426
0524 0500 0428
0526 0502 0430
0528 0504 0432
0530 0506 0434
0532 0508 0436
0534 0510 0438
0536 0512 0440
0538 0514 0442
0540 0516 0444
0542 0518 0444
0544 0520 0444
0546 0520 0446
0548 0520 0448
0550 0522 0450
0552 0524 0452
0554 0526 0454
0556 0528 0456
0558 0530 0458
0560 0532 0460
0562 0534 0460
0564 0536 0460
0566 0538 0462
0568 0540 0464
0570 0542 0466
0572 0544 0468
0574 0546 0470
0576 0548 0472
0578 0550 0474
0580 0552 0476
0582 0554 0478
0584 0556 0480
0586 0558 0480
0588 0560 0480
0590 0562 0482
0592 0564 0484
0594 0566 0486
0596 0568 0488
0598 0570 0490
0600 0572 0492
0602 0574 0494
0604 0576 0496
0606 0578 0498
0608 0580 0500
0610 0582 0500
0612 0584 0500
0614 0586 0502
0616 0588 0504
0618 0590 0506
0620 0592 0508
0622 0594 0510
0624 0596 0512
0626 0598 0514
0628 0600 0516
0630 0602 0516
0632 0604 0516
0634 0604 0518
0636 0604 0520
0638 0606 0522
0640 0608 0524
0642 0610 0526
0644 0612 0528
0646 0614 0530
0648 0616 0532
0650 0618 0534
0652 0620 0536
0654 0622 0536
0656 0624 0536
0658 0626 0538
0660 0628 0540
0662 0630 0542
0664 0632 0544
0666 0634 0546
0668 0636 0548
0670 0638 0550
0672 0640 0552
0674 0642 0552
0676 0644 0552
0678 0646 0554
0680 0648 0556
0682 0650 0558
0684 0652 0560
0686 0654 0562
0688 0656 0564
0690 0658 0566
0692 0660 0568
0694 0662 0570
0696 0664 0572
0698 0666 0572
0700 0668 0572
0702 0670 0574
0704 0672 0576
0706 0674 0578
0708 0676 0580
0710 0678 0582
0712 0680 0584
0714 0682 0586
0716 0684 0588
0718 0684 0588
0720 0684 0588
0722 0686 0590
0724 0688 0592
0726 0690 0594
0728 0692 0596
0730 0694 0598
0732 0696 0600
0734 0698 0602
0736 0700 0604
0738 0702 0606
0740 0704 0608
0742 0706 0608
0744 0708 0608
0746 0710 0610
0748 0712 0612
0750 0714 0614
0752 0716 0616
0754 0718 0618
0756 0720 0620
0758 0722 0622
0760 0724 0624
0762 0726 0624
0764 0728 0624
0766 0730 0626
0768 0732 0628
0770 0734 0630
0772 0736 0632
0774 0738 0634
0776 0740 0636
0778 0742 0638
0780 0744 0640
0782 0746 0642
0784 0748 0644
0786 0750 0644
0788 0752 0644
0790 0754 0646
0792 0756 0648
0794 0758 0650
0796 0760 0652
0798 0762 0654
0800 0764 0656
0802 0764 0658
0804 0764 0660
0806 0766 0660
0808 0768 0660
0810 0770 0662
0812 0772 0664
0814 0774 0666
0816 0776 0668
0818 0778 0670
0820 0780 0672
0822 0782 0674
0824 0784 0676
0826 0786 0678
0828 0788 0680
0830 0790 0680
0832 0792 0680
0834 0794 0682
0836 0796 0684
0838 0798 0686
0840 0800 0688
0842 0802 0690
0844 0804 0692
0846 0806 0694
0848 0808 0696
0850 0810 0696
0852 0812 0696
0854 0814 0698
0856 0816 0700
0858 0818 0702
0860 0820 0704
0862 0822 0706
0864 0824 0708
0866 0826 0710
0868 0828 0712
0870 0830 0714
0872 0832 0716
0874 0834 0716
0876 0836 0716
0878 0838 0718
0880 0840 0720
0882 0842 0722
0884 0844 0724
0886 0844 0726
0888 0844 0728
0890 0846 0730
0892 0848 0732
0894 0850 0732
0896 0852 0732
0898 0854 0734
0900 0856 0736
0902 0858 0738
0904 0860 0740
0906 0862 0742
0908 0864 0744
0910 0866 0746
0912 0868 0748
0914 0870 0750
0916 0872 0752
0918 0874 0752
0920 0876 0752
0922 0878 0754
0924 0880 0756
0926 0882 0758
0928 0884 0760
0930 0886 0762
0932 0888 0764
0934 0890 0766
0936 0892 0768
0938 0894 0768
0940 0896 0768
0942 0898 0770
0944 0900 0772
0946 0902 0774
0948 0904 0776
0950 0906 0778
0952 0908 0780
0954 0910 0782
0956 0912 0784
0958 0914 0786
0960 0916 0788
0962 0918 0788
0964 0920 0788
0966 0922 0790
0968 0924 0792
0970 0924 0794
0972 0924 0796
0974 0926 0798
0976 0928 0800
0978 0930 0802
0980 0932 0804
0982 0934 0804
0984 0936 0804
0986 0938 0806
0988 0940 0808
0990 0942 0810
0992 0944 0812
0994 0946 0814
0996 0948 0816
0998 0950 0818
1000 0952 0820
1002 0954 0822
1004 0956 0824
1006 0958 0824
1008 0960 0824
1010 0962 0826
1012 0964 0828
1014 0966 0830
1016 0968 0832
1018 0970 0834
1020 0972 0836
1020 0972 0836
