0000 0000 0000
0002 0002 0002
0004 0004 0004
0006 0006 0006
0008 0008 0008
0010 0010 0010
0012 0012 0012
0014 0014 0014
0016 0016 0016
0018 0018 0018
0020 0020 0020
0022 0022 0022
0024 0024 0024
0024 0026 0026
0024 0028 0028
0026 0030 0030
0028 0032 0032
0030 0034 0034
0032 0036 0036
0034 0038 0038
0036 0040 0040
0038 0042 0042
0040 0044 0044
0042 0046 0046
0044 0048 0048
0046 0048 0050
0048 0048 0052
0050 0050 0054
0052 0052 0056
0054 0054 0058
0056 0056 0060
0058 0058 0062
0060 0060 0064
0062 0062 0066
0064 0064 0068
0066 0066 0070
0068 0068 0072
0068 0070 0074
0068 0072 0076
0070 0074 0078
0072 0076 0080
0074 0078 0082
0076 0080 0084
0078 0082 0086
0080 0084 0088
0082 0086 0090
0084 0088 0092
0086 0090 0094
0088 0092 0096
0090 0094 0098
0092 0096 0100
0094 0098 0102
0096 0100 0104
0098 0102 0106
0100 0104 0108
0102 0106 0110
0104 0108 0112
0106 0110 0114
0108 0112 0116
0110 0114 0118
0112 0116 0120
0114 0118 0122
0116 0120 0124
0116 0122 0126
0116 0124 0128
0118 0126 0130
0120 0128 0132
0122 0130 0134
0124 0132 0136
0126 0134 0138
0128 0136 0140
0130 0138 0142
0132 0140 0144
0134 0140 0146
0136 0140 0148
0138 0142 0150
0140 0144 0152
0142 0146 0154
0144 0148 0156
0146 0150 0158
0148 0152 0160
0150 0154 0162
0152 0156 0164
0154 0158 0166
0156 0160 0168
0158 0162 0170
0160 0164 0172
0160 0166 0174
0160 0168 0176
0162 0170 0178
0164 0172 0180
0166 0174 0182
0168 0176 0184
0170 0178 0186
0172 0180 0188
0174 0182 0190
0176 0184 0192
0178 0186 0194
0180 0188 0196
0182 0190 0198
0184 0192 0200
0186 0194 0202
0188 0196 0204
0190 0198 0206
0192 0200 0208
0194 0202 0210
0196 0204 0212
0198 0206 0214
0200 0208 0216
0202 0210 0218
0204 0212 0220
0206 0214 0222
0208 0216 0224
0208 0218 0226
0208 0220 0228
0210 0222 0230
0212 0224 0232
0214 0226 0234
0216 0228 0236
0218 0230 0238
0220 0232 0240
0222 0232 0242
0224 0232 0244
0226 0234 0246
0228 0236 0248
0230 0238 0250
0232 0240 0252
0234 0242 0254
0236 0244 0256
0238 0246 0258
0240 0248 0260
0242 0250 0262
0244 0252 0264
0246 0254 0266
0248 0256 0268
0250 0258 0270
0252 0260 0272
0252 0262 0274
0252 0264 0276
0254 0266 0278
0256 0268 0280
0258 0270 0282
0260 0272 0284
0262 0274 0286
0264 0276 0288
0266 0278 0290
0268 0280 0292
0270 0282 0294
0272 0284 0296
0274 0286 0298
0276 0288 0300
0278 0290 0302
0280 0292 0304
0282 0294 0306
0284 0296 0308
0286 0298 0310
0288 0300 0312
0290 0302 0314
0292 0304 0316
0294 0306 0318
0296 0308 0320
0298 0310 0322
0300 0312 0324
0300 0314 0326
0300 0316 0328
0302 0318 0330
0304 0320 0332
0306 0322 0334
0308 0324 0336
0310 0324 0338
0312 0324 0340
0314 0326 0342
0316 0328 0344
0318 0330 0346
0320 0332 0348
0322 0334 0350
0324 0336 0352
0326 0338 0354
0328 0340 0356
0330 0342 0358
0332 0344 0360
0334 0346 0362
0336 0348 0364
0338 0350 0366
0340 0352 0368
0342 0354 0370
0344 0356 0372
0344 0358 0374
0344 0360 0376
0346 0362 0378
0348 0364 0380
0350 0366 0382
0352 0368 0384
0354 0370 0386
0356 0372 0388
0358 0374 0390
0360 0376 0392
0362 0378 0394
0364 0380 0396
0366 0382 0398
0368 0384 0400
0370 0386 0402
0372 0388 0404
0374 0390 0406
0376 0392 0408
0378 0394 0410
0380 0396 0412
0382 0398 0414
0384 0400 0416
0386 0402 0418
0388 0404 0420
0390 0406 0422
0392 0408 0424
0392 0410 0426
0392 0412 0428
0394 0414 0430
0396 0416 0432
0398 0418 0434
0400 0420 0436
0402 0420 0438
0404 0420 0440
0406 0422 0442
0408 0424 0444
0410 0426 0446
0412 0428 0448
0414 0430 0450
0416 0432 0452
0418 0434 0454
0420 0436 0456
0422 0438 0458
0424 0440 0460
0426 0442 0462
0428 0444 0464
0430 0446 0466
0432 0448 0468
0434 0450 0470
0436 0452 0472
0438 0454 0474
0440 0456 0476
0440 0458 0478
0440 0460 0480
0442 0462 0482
0444 0464 0484
0446 0466 0486
0448 0468 0488
0450 0470 0490
0452 0472 0492
0454 0474 0494
0456 0476 0496
0458 0478 0498
0460 0480 0500
0462 0482 0502
0464 0484 0504
0466 0486 0506
0468 0488 0508
0470 0490 0510
0472 0492 0512
0474 0494 0514
0476 0496 0516
0478 0498 0518
0480 0500 0520
0482 0502 0522
0484 0504 0524
0484 0506 0526
0484 0508 0528
0486 0510 0530
0488 0512 0532
0490 0512 0534
0492 0512 0536
0494 0514 0538
0496 0516 0540
0498 0518 0542
0500 0520 0544
0502 0522 0546
0504 0524 0548
0506 0526 0550
0508 0528 0552
0510 0530 0554
0512 0532 0556
0514 0534 0558
0516 0536 0560
0518 0538 0562
0520 0540 0564
0522 0542 0566
0524 0544 0568
0526 0546 0570
0528 0548 0572
0530 0550 0574
0532 0552 0576
0532 0554 0578
0532 0556 0580
0534 0558 0582
0536 0560 0584
0538 0562 0586
0540 0564 0588
0542 0566 0590
0544 0568 0592
0546 0570 0594
0548 0572 0596
0550 0574 0598
0552 0576 0600
0554 0578 0602
0556 0580 0604
0558 0582 0606
0560 0584 0608
0562 0586 0610
0564 0588 0612
0566 0590 0614
0568 0592 0616
0570 0594 0618
0572 0596 0620
0574 0598 0622
0576 0600 0624
0576 0602 0626
0576 0604 0628
0578 0604 0630
0580 0604 0632
0582 0606 0634
0584 0608 0636
0586 0610 0638
0588 0612 0640
0590 0614 0642
0592 0616 0644
0594 0618 0646
0596 0620 0648
0598 0622 0650
0600 0624 0652
0602 0626 0654
0604 0628 0656
0606 0630 0658
0608 0632 0660
0610 0634 0662
0612 0636 0664
0614 0638 0666
0616 0640 0668
0618 0642 0670
0620 0644 0672
0622 0646 0674
0624 0648 0676
0624 0650 0678
0624 0652 0680
0626 0654 0682
0628 0656 0684
0630 0658 0686
0632 0660 0688
0634 0662 0690
0636 0664 0692
0638 0666 0694
0640 0668 0696
0642 0670 0698
0644 0672 0700
0646 0674 0702
0648 0676 0704
0650 0678 0706
0652 0680 0708
0654 0682 0710
0656 0684 0712
0658 0686 0714
0660 0688 0716
0662 0690 0718
0664 0692 0720
0666 0694 0722
0668 0696 0724
0668 0696 0726
0668 0696 0728
0670 0698 0730
0672 0700 0732
0674 0702 0734
0676 0704 0736
0678 0706 0738
0680 0708 0740
0682 0710 0742
0684 0712 0744
0686 0714 0746
0688 0716 0748
0690 0718 0750
0692 0720 0752
0694 0722 0754
0696 0724 0756
0698 0726 0758
0700 0728 0760
0702 0730 0762
0704 0732 0764
0706 0734 0766
0708 0736 0768
0710 0738 0770
0712 0740 0772
0714 0742 0774
0716 0744 0776
0716 0746 0778
0716 0748 0780
0718 0750 0782
0720 0752 0784
0722 0754 0786
0724 0756 0788
0726 0758 0790
0728 0760 0792
0730 0762 0794
0732 0764 0796
0734 0766 0798
0736 0768 0800
0738 0770 0802
0740 0772 0804
0742 0774 0806
0744 0776 0808
0746 0778 0810
0748 0780 0812
0750 0782 0814
0752 0784 0816
0754 0786 0818
0756 0788 0820
0758 0790 0822
0760 0792 0824
0760 0792 0826
0760 0792 0828
0762 0794 0830
0764 0796 0832
0766 0798 0834
0768 0800 0836
0770 0802 0838
0772 0804 0840
0774 0806 0842
0776 0808 0844
0778 0810 0846
0780 0812 0848
0782 0814 0850
0784 0816 0852
0786 0818 0854
0788 0820 0856
0790 0822 0858
0792 0824 0860
0794 0826 0862
0796 0828 0864
0798 0830 0866
0800 0832 0868
0802 0834 0870
0804 0836 0872
0806 0838 0874
0808 0840 0876
0808 0842 0878
0808 0844 0880
0810 0846 0882
0812 0848 0884
0814 0850 0886
0816 0852 0888
0818 0854 0890
0820 0856 0892
0822 0858 0894
0824 0860 0896
0826 0862 0898
0828 0864 0900
0830 0866 0902
0832 0868 0904
0834 0870 0906
0836 0872 0908
0838 0874 0910
0840 0876 0912
0842 0878 0914
0844 0880 0916
0846 0882 0918
0848 0884 0920
0850 0884 0922
0852 0884 0924
0852 0886 0926
0852 0888 0928
0854 0890 0930
0856 0892 0932
0858 0894 0934
0860 0896 0936
0862 0898 0938
0864 0900 0940
0866 0902 0942
0868 0904 0944
0870 0906 0946
0872 0908 0948
0874 0910 0950
0876 0912 0952
0878 0914 0954
0880 0916 0956
0882 0918 0958
0884 0920 0960
0886 0922 0962
0888 0924 0964
0890 0926 0966
0892 0928 0968
0894 0930 0970
0896 0932 0972
0898 0934 0974
0900 0936 0976
0900 0938 0978
0900 0940 0980
0902 0942 0982
0904 0944 0984
0906 0946 0986
0908 0948 0988
0910 0950 0990
0912 0952 0992
0914 0954 0994
0916 0956 0996
0918 0958 0998
0920 0960 1000
0922 0962 1002
0924 0964 1004
0926 0966 1006
0928 0968 1008
0930 0970 1010
0932 0972 1012
0934 0974 1014
0936 0976 1016
0938 0976 1018
0940 0976 1020
0940 0976 1020
