0000 0000 0000
0002 0002 0002
0004 0004 0004
0006 0006 0006
0008 0008 0008
0010 0010 0010
0012 0012 0012
0014 0014 0014
0016 0016 0016
0018 0018 0018
0020 0020 0020
0022 0022 0022
0024 0024 0024
0026 0026 0026
0028 0028 0028
0030 0030 0030
0032 0032 0032
0034 0034 0034
0036 0036 0036
0038 0038 0038
0040 0040 0040
0042 0042 0042
0044 0044 0044
0046 0046 0046
0048 0048 0048
0050 0050 0050
0052 0052 0052
0054 0054 0054
0056 0056 0056
0058 0058 0058
0060 0060 0060
0062 0062 0062
0064 0064 0064
0066 0066 0066
0068 0068 0068
0070 0070 0070
0072 0072 0072
0074 0074 0074
0076 0076 0076
0078 0078 0078
0080 0080 0080
0082 0082 0082
0084 0084 0084
0086 0086 0086
0088 0088 0088
0090 0090 0090
0092 0092 0092
0094 0094 0094
0096 0096 0096
0098 0098 0098
0100 0100 0100
0102 0102 0100
0104 0104 0100
0106 0106 0102
0108 0108 0104
0110 0110 0106
0112 0112 0108
0114 0114 0110
0116 0116 0112
0118 0118 0114
0120 0120 0116
0122 0122 0118
0124 0124 0120
0126 0126 0122
0128 0128 0124
0130 0130 0126
0132 0132 0128
0134 0134 0130
0136 0136 0132
0138 0138 0134
0140 0140 0136
0142 0142 0138
0144 0144 0140
0146 0146 0142
0148 0148 0144
0150 0150 0146
0152 0152 0148
0154 0154 0150
0156 0156 0152
0158 0158 0154
0160 0160 0156
0162 0162 0158
0164 0164 0160
0166 0166 0162
0168 0168 0164
0170 0170 0166
0172 0172 0168
0174 0174 0170
0176 0176 0172
0178 0178 0174
0180 0180 0176
0182 0182 0178
0184 0184 0180
0186 0186 0182
0188 0188 0184
0190 0190 0186
0192 0192 0188
0194 0194 0190
0196 0196 0192
0198 0198 0194
0200 0200 0196
0202 0202 0198
0204 0204 0200
0206 0206 0202
0208 0208 0204
0210 0210 0206
0212 0212 0208
0214 0214 0210
0216 0216 0212
0218 0218 0214
0220 0220 0216
0222 0222 0218
0224 0224 0220
0226 0226 0222
0228 0228 0224
0230 0230 0226
0232 0232 0228
0234 0234 0230
0236 0236 0232
0238 0238 0234
0240 0240 0236
0242 0242 0238
0244 0244 0240
0246 0246 0242
0248 0248 0244
0250 0250 0246
0252 0252 0248
0254 0254 0250
0256 0256 0252
0258 0258 0254
0260 0260 0256
0262 0262 0258
0264 0264 0260
0266 0266 0262
0268 0268 0264
0270 0270 0266
0272 0272 0268
0274 0274 0270
0276 0276 0272
0278 0278 0274
0280 0280 0276
0282 0282 0278
0284 0284 0280
0286 0286 0282
0288 0288 0284
0290 0290 0286
0292 0292 0288
0294 0294 0290
0296 0296 0292
0298 0298 0294
0300 0300 0296
0302 0302 0298
0304 0304 0300
0306 0306 0300
0308 0308 0300
0310 0310 0302
0312 0312 0304
0314 0314 0306
0316 0316 0308
0318 0318 0310
0320 0320 0312
0322 0322 0314
0324 0324 0316
0326 0326 0318
0328 0328 0320
0330 0330 0322
0332 0332 0324
0334 0334 0326
0336 0336 0328
0338 0338 0330
0340 0340 0332
0342 0340 0334
0344 0340 0336
0346 0342 0338
0348 0344 0340
0350 0346 0342
0352 0348 0344
0354 0350 0346
0356 0352 0348
0358 0354 0350
0360 0356 0352
0362 0358 0354
0364 0360 0356
0366 0362 0358
0368 0364 0360
0370 0366 0362
0372 0368 0364
0374 0370 0366
0376 0372 0368
0378 0374 0370
0380 0376 0372
0382 0378 0374
0384 0380 0376
0386 0382 0378
0388 0384 0380
0390 0386 0382
0392 0388 0384
0394 0390 0386
0396 0392 0388
0398 0394 0390
0400 0396 0392
0402 0398 0394
0404 0400 0396
0406 0402 0398
0408 0404 0400
0410 0406 0402
0412 0408 0404
0414 0410 0406
0416 0412 0408
0418 0414 0410
0420 0416 0412
0422 0418 0414
0424 0420 0416
0426 0422 0418
0428 0424 0420
0430 0426 0422
0432 0428 0424
0434 0430 0426
0436 0432 0428
0438 0434 0430
0440 0436 0432
0442 0438 0434
0444 0440 0436
0446 0442 0438
0448 0444 0440
0450 0446 0442
0452 0448 0444
0454 0450 0446
0456 0452 0448
0458 0454 0450
0460 0456 0452
0462 0458 0454
0464 0460 0456
0466 0462 0458
0468 0464 0460
0470 0466 0462
0472 0468 0464
0474 0470 0466
0476 0472 0468
0478 0474 0470
0480 0476 0472
0482 0478 0474
0484 0480 0476
0486 0482 0478
0488 0484 0480
0490 0486 0482
0492 0488 0484
0494 0490 0486
0496 0492 0488
0498 0494 0490
0500 0496 0492
0502 0498 0494
0504 0500 0496
0506 0502 0498
0508 0504 0500
0510 0506 0500
0512 0508 0500
0514 0510 0502
0516 0512 0504
0518 0514 0506
0520 0516 0508
0522 0518 0510
0524 0520 0512
0526 0522 0514
0528 0524 0516
0530 0526 0518
0532 0528 0520
0534 0530 0522
0536 0532 0524
0538 0534 0526
0540 0536 0528
0542 0538 0530
0544 0540 0532
0546 0542 0534
0548 0544 0536
0550 0546 0538
0552 0548 0540
0554 0550 0542
0556 0552 0544
0558 0554 0546
0560 0556 0548
0562 0558 0550
0564 0560 0552
0566 0562 0554
0568 0564 0556
0570 0566 0558
0572 0568 0560
0574 0570 0562
0576 0572 0564
0578 0574 0566
0580 0576 0568
0582 0578 0570
0584 0580 0572
0586 0582 0574
0588 0584 0576
0590 0586 0578
0592 0588 0580
0594 0590 0582
0596 0592 0584
0598 0594 0586
0600 0596 0588
0602 0598 0590
0604 0600 0592
0606 0602 0594
0608 0604 0596
0610 0606 0598
0612 0608 0600
0614 0610 0602
0616 0612 0604
0618 0614 0606
0620 0616 0608
0622 0618 0610
0624 0620 0612
0626 0622 0614
0628 0624 0616
0630 0626 0618
0632 0628 0620
0634 0630 0622
0636 0632 0624
0638 0634 0626
0640 0636 0628
0642 0638 0630
0644 0640 0632
0646 0642 0634
0648 0644 0636
0650 0646 0638
0652 0648 0640
0654 0650 0642
0656 0652 0644
0658 0654 0646
0660 0656 0648
0662 0658 0650
0664 0660 0652
0666 0662 0654
0668 0664 0656
0670 0666 0658
0672 0668 0660
0674 0670 0662
0676 0672 0664
0678 0674 0666
0680 0676 0668
0682 0678 0670
0684 0680 0672
0686 0682 0674
0688 0684 0676
0690 0686 0678
0692 0688 0680
0694 0690 0682
0696 0692 0684
0698 0694 0686
0700 0696 0688
0702 0698 0690
0704 0700 0692
0706 0702 0694
0708 0704 0696
0710 0706 0698
0712 0708 0700
0714 0710 0700
0716 0712 0700
0718 0714 0702
0720 0716 0704
0722 0718 0706
0724 0720 0708
0726 0722 0710
0728 0724 0712
0730 0726 0714
0732 0728 0716
0734 0730 0718
0736 0732 0720
0738 0734 0722
0740 0736 0724
0742 0738 0726
0744 0740 0728
0746 0742 0730
0748 0744 0732
0750 0746 0734
0752 0748 0736
0754 0750 0738
0756 0752 0740
0758 0754 0742
0760 0756 0744
0762 0758 0746
0764 0760 0748
0766 0762 0750
0768 0764 0752
0770 0766 0754
0772 0768 0756
0774 0770 0758
0776 0772 0760
0778 0774 0762
0780 0776 0764
0782 0778 0766
0784 0780 0768
0786 0782 0770
0788 0784 0772
0790 0786 0774
0792 0788 0776
0794 0790 0778
0796 0792 0780
0798 0794 0782
0800 0796 0784
0802 0798 0786
0804 0800 0788
0806 0802 0790
0808 0804 0792
0810 0806 0794
0812 0808 0796
0814 0810 0798
0816 0812 0800
0818 0814 0802
0820 0816 0804
0822 0818 0806
0824 0820 0808
0826 0822 0810
0828 0824 0812
0830 0826 0814
0832 0828 0816
0834 0830 0818
0836 0832 0820
0838 0834 0822
0840 0836 0824
0842 0838 0826
0844 0840 0828
0846 0842 0830
0848 0844 0832
0850 0846 0834
0852 0848 0836
0854 0850 0838
0856 0852 0840
0858 0854 0842
0860 0856 0844
0862 0858 0846
0864 0860 0848
0866 0862 0850
0868 0864 0852
0870 0866 0854
0872 0868 0856
0874 0870 0858
0876 0872 0860
0878 0874 0862
0880 0876 0864
0882 0878 0866
0884 0880 0868
0886 0882 0870
0888 0884 0872
0890 0886 0874
0892 0888 0876
0894 0890 0878
0896 0892 0880
0898 0894 0882
0900 0896 0884
0902 0898 0886
0904 0900 0888
0906 0902 0890
0908 0904 0892
0910 0906 0894
0912 0908 0896
0914 0910 0898
0916 0912 0900
0918 0914 0902
0920 0916 0904
0922 0918 0904
0924 0920 0904
0926 0922 0906
0928 0924 0908
0930 0926 0910
0932 0928 0912
0934 0930 0914
0936 0932 0916
0938 0934 0918
0940 0936 0920
0942 0938 0922
0944 0940 0924
0946 0942 0926
0948 0944 0928
0950 0946 0930
0952 0948 0932
0954 0950 0934
0956 0952 0936
0958 0954 0938
0960 0956 0940
0962 0958 0942
0964 0960 0944
0966 0962 0946
0968 0964 0948
0970 0966 0950
0972 0968 0952
0974 0970 0954
0976 0972 0956
0978 0974 0958
0980 0976 0960
0982 0978 0962
0984 0980 0964
0986 0982 0966
0988 0984 0968
0990 0986 0970
0992 0988 0972
0994 0990 0974
0996 0992 0976
0998 0994 0978
1000 0996 0980
1002 0998 0982
1004 1000 0984
1006 1002 0986
1008 1004 0988
1010 1006 0990
1012 1008 0992
1014 1010 0994
1016 1012 0996
1018 1014 0998
1020 1016 1000
1020 1016 1000
