0000 0000 0000
0002 0002 0002
0004 0004 0004
0006 0006 0006
0008 0008 0008
0010 0010 0010
0012 0012 0012
0014 0014 0014
0016 0016 0016
0018 0018 0018
0020 0020 0020
0022 0022 0022
0024 0024 0024
0026 0026 0026
0028 0028 0028
0030 0030 0030
0032 0032 0032
0034 0034 0034
0036 0036 0036
0038 0038 0038
0040 0040 0040
0042 0042 0042
0044 0044 0044
0046 0046 0046
0048 0048 0048
0050 0050 0050
0052 0052 0052
0054 0054 0054
0056 0056 0056
0058 0058 0058
0060 0060 0060
0060 0062 0062
0060 0064 0064
0062 0066 0066
0064 0068 0068
0066 0070 0070
0068 0072 0072
0070 0074 0074
0072 0076 0076
0074 0078 0078
0076 0080 0080
0078 0082 0082
0080 0084 0084
0082 0086 0086
0084 0088 0088
0086 0090 0090
0088 0092 0092
0090 0094 0094
0092 0096 0096
0094 0098 0098
0096 0100 0100
0098 0102 0102
0100 0104 0104
0102 0106 0106
0104 0108 0108
0106 0110 0110
0108 0112 0112
0110 0114 0114
0112 0116 0116
0114 0118 0118
0116 0120 0120
0118 0120 0122
0120 0120 0124
0122 0122 0126
0124 0124 0128
0126 0126 0130
0128 0128 0132
0130 0130 0134
0132 0132 0136
0134 0134 0138
0136 0136 0140
0138 0138 0142
0140 0140 0144
0142 0142 0146
0144 0144 0148
0146 0146 0150
0148 0148 0152
0150 0150 0154
0152 0152 0156
0154 0154 0158
0156 0156 0160
0158 0158 0162
0160 0160 0164
0162 0162 0166
0164 0164 0168
0166 0166 0170
0168 0168 0172
0170 0170 0174
0172 0172 0176
0174 0174 0178
0176 0176 0180
0178 0178 0182
0180 0180 0184
0180 0182 0186
0180 0184 0188
0182 0186 0190
0184 0188 0192
0186 0190 0194
0188 0192 0196
0190 0194 0198
0192 0196 0200
0194 0198 0202
0196 0200 0204
0198 0202 0206
0200 0204 0208
0202 0206 0210
0204 0208 0212
0206 0210 0214
0208 0212 0216
0210 0214 0218
0212 0216 0220
0214 0218 0222
0216 0220 0224
0218 0222 0226
0220 0224 0228
0222 0226 0230
0224 0228 0232
0226 0230 0234
0228 0232 0236
0230 0234 0238
0232 0236 0240
0234 0238 0242
0236 0240 0244
0238 0242 0246
0240 0244 0248
0242 0246 0250
0244 0248 0252
0246 0250 0254
0248 0252 0256
0250 0254 0258
0252 0256 0260
0254 0258 0262
0256 0260 0264
0258 0262 0266
0260 0264 0268
0262 0266 0270
0264 0268 0272
0266 0270 0274
0268 0272 0276
0270 0274 0278
0272 0276 0280
0274 0278 0282
0276 0280 0284
0278 0282 0286
0280 0284 0288
0282 0286 0290
0284 0288 0292
0286 0290 0294
0288 0292 0296
0290 0294 0298
0292 0296 0300
0294 0298 0302
0296 0300 0304
0298 0302 0306
0300 0304 0308
0302 0306 0310
0304 0308 0312
0304 0310 0314
0304 0312 0316
0306 0314 0318
0308 0316 0320
0310 0318 0322
0312 0320 0324
0314 0322 0326
0316 0324 0328
0318 0326 0330
0320 0328 0332
0322 0330 0334
0324 0332 0336
0326 0334 0338
0328 0336 0340
0330 0338 0342
0332 0340 0344
0334 0342 0346
0336 0344 0348
0338 0346 0350
0340 0348 0352
0342 0350 0354
0344 0352 0356
0346 0354 0358
0348 0356 0360
0350 0356 0362
0352 0356 0364
0354 0358 0366
0356 0360 0368
0358 0362 0370
0360 0364 0372
0362 0366 0374
0364 0368 0376
0366 0370 0378
0368 0372 0380
0370 0374 0382
0372 0376 0384
0374 0378 0386
0376 0380 0388
0378 0382 0390
0380 0384 0392
0382 0386 0394
0384 0388 0396
0386 0390 0398
0388 0392 0400
0390 0394 0402
0392 0396 0404
0394 0398 0406
0396 0400 0408
0398 0402 0410
0400 0404 0412
0402 0406 0414
0404 0408 0416
0406 0410 0418
0408 0412 0420
0410 0414 0422
0412 0416 0424
0414 0418 0426
0416 0420 0428
0418 0422 0430
0420 0424 0432
0422 0426 0434
0424 0428 0436
0424 0430 0438
0424 0432 0440
0426 0434 0442
0428 0436 0444
0430 0438 0446
0432 0440 0448
0434 0442 0450
0436 0444 0452
0438 0446 0454
0440 0448 0456
0442 0450 0458
0444 0452 0460
0446 0454 0462
0448 0456 0464
0450 0458 0466
0452 0460 0468
0454 0462 0470
0456 0464 0472
0458 0466 0474
0460 0468 0476
0462 0470 0478
0464 0472 0480
0466 0474 0482
0468 0476 0484
0470 0478 0486
0472 0480 0488
0474 0482 0490
0476 0484 0492
0478 0486 0494
0480 0488 0496
0482 0490 0498
0484 0492 0500
0486 0494 0502
0488 0496 0504
0490 0498 0506
0492 0500 0508
0494 0502 0510
0496 0504 0512
0498 0506 0514
0500 0508 0516
0502 0510 0518
0504 0512 0520
0506 0514 0522
0508 0516 0524
0510 0518 0526
0512 0520 0528
0514 0522 0530
0516 0524 0532
0518 0526 0534
0520 0528 0536
0522 0530 0538
0524 0532 0540
0526 0534 0542
0528 0536 0544
0530 0538 0546
0532 0540 0548
0534 0542 0550
0536 0544 0552
0538 0546 0554
0540 0548 0556
0542 0550 0558
0544 0552 0560
0544 0554 0562
0544 0556 0564
0546 0558 0566
0548 0560 0568
0550 0562 0570
0552 0564 0572
0554 0566 0574
0556 0568 0576
0558 0570 0578
0560 0572 0580
0562 0574 0582
0564 0576 0584
0566 0578 0586
0568 0580 0588
0570 0582 0590
0572 0584 0592
0574 0586 0594
0576 0588 0596
0578 0590 0598
0580 0592 0600
0582 0594 0602
0584 0596 0604
0586 0596 0606
0588 0596 0608
0590 0598 0610
0592 0600 0612
0594 0602 0614
0596 0604 0616
0598 0606 0618
0600 0608 0620
0602 0610 0622
0604 0612 0624
0606 0614 0626
0608 0616 0628
0610 0618 0630
0612 0620 0632
0614 0622 0634
0616 0624 0636
0618 0626 0638
0620 0628 0640
0622 0630 0642
0624 0632 0644
0626 0634 0646
0628 0636 0648
0630 0638 0650
0632 0640 0652
0634 0642 0654
0636 0644 0656
0638 0646 0658
0640 0648 0660
0642 0650 0662
0644 0652 0664
0646 0654 0666
0648 0656 0668
0650 0658 0670
0652 0660 0672
0654 0662 0674
0656 0664 0676
0658 0666 0678
0660 0668 0680
0662 0670 0682
0664 0672 0684
0666 0674 0686
0668 0676 0688
0668 0678 0690
0668 0680 0692
0670 0682 0694
0672 0684 0696
0674 0686 0698
0676 0688 0700
0678 0690 0702
0680 0692 0704
0682 0694 0706
0684 0696 0708
0686 0698 0710
0688 0700 0712
0690 0702 0714
0692 0704 0716
0694 0706 0718
0696 0708 0720
0698 0710 0722
0700 0712 0724
0702 0714 0726
0704 0716 0728
0706 0718 0730
0708 0720 0732
0710 0722 0734
0712 0724 0736
0714 0726 0738
0716 0728 0740
0718 0730 0742
0720 0732 0744
0722 0734 0746
0724 0736 0748
0726 0738 0750
0728 0740 0752
0730 0742 0754
0732 0744 0756
0734 0746 0758
0736 0748 0760
0738 0750 0762
0740 0752 0764
0742 0754 0766
0744 0756 0768
0746 0758 0770
0748 0760 0772
0750 0762 0774
0752 0764 0776
0754 0766 0778
0756 0768 0780
0758 0770 0782
0760 0772 0784
0762 0774 0786
0764 0776 0788
0766 0778 0790
0768 0780 0792
0770 0782 0794
0772 0784 0796
0774 0786 0798
0776 0788 0800
0778 0790 0802
0780 0792 0804
0782 0794 0806
0784 0796 0808
0786 0798 0810
0788 0800 0812
0788 0802 0814
0788 0804 0816
0790 0806 0818
0792 0808 0820
0794 0810 0822
0796 0812 0824
0798 0814 0826
0800 0816 0828
0802 0818 0830
0804 0820 0832
0806 0822 0834
0808 0824 0836
0810 0826 0838
0812 0828 0840
0814 0830 0842
0816 0832 0844
0818 0834 0846
0820 0836 0848
0822 0836 0850
0824 0836 0852
0826 0838 0854
0828 0840 0856
0830 0842 0858
0832 0844 0860
0834 0846 0862
0836 0848 0864
0838 0850 0866
0840 0852 0868
0842 0854 0870
0844 0856 0872
0846 0858 0874
0848 0860 0876
0850 0862 0878
0852 0864 0880
0854 0866 0882
0856 0868 0884
0858 0870 0886
0860 0872 0888
0862 0874 0890
0864 0876 0892
0866 0878 0894
0868 0880 0896
0870 0882 0898
0872 0884 0900
0874 0886 0902
0876 0888 0904
0878 0890 0906
0880 0892 0908
0882 0894 0910
0884 0896 0912
0886 0898 0914
0888 0900 0916
0890 0902 0918
0892 0904 0920
0894 0906 0922
0896 0908 0924
0898 0910 0926
0900 0912 0928
0902 0914 0930
0904 0916 0932
0906 0918 0934
0908 0920 0936
0908 0922 0938
0908 0924 0940
0910 0926 0942
0912 0928 0944
0914 0930 0946
0916 0932 0948
0918 0934 0950
0920 0936 0952
0922 0938 0954
0924 0940 0956
0926 0942 0958
0928 0944 0960
0930 0946 0962
0932 0948 0964
0934 0950 0966
0936 0952 0968
0938 0954 0970
0940 0956 0972
0942 0958 0974
0944 0960 0976
0946 0962 0978
0948 0964 0980
0950 0966 0982
0952 0968 0984
0954 0970 0986
0956 0972 0988
0958 0974 0990
0960 0976 0992
0962 0978 0994
0964 0980 0996
0966 0982 0998
0968 0984 1000
0970 0986 1002
0972 0988 1004
0974 0990 1006
0976 0992 1008
0978 0994 1010
0980 0996 1012
0982 0998 1014
0984 1000 1016
0986 1002 1018
0988 1004 1020
0988 1004 1020
