0000 0000 0000
0002 0002 0002
0004 0004 0004
0006 0006 0006
0008 0008 0008
0010 0010 0010
0012 0012 0012
0014 0014 0014
0016 0016 0016
0018 0018 0018
0020 0020 0020
0022 0022 0022
0024 0024 0024
0026 0026 0026
0028 0028 0028
0030 0030 0030
0032 0032 0032
0034 0034 0034
0036 0036 0036
0038 0038 0038
0040 0040 0040
0042 0042 0042
0044 0044 0044
0046 0046 0046
0048 0048 0048
0050 0050 0050
0052 0052 0052
0054 0054 0054
0056 0056 0056
0058 0058 0058
0060 0060 0060
0062 0062 0062
0064 0064 0064
0066 0066 0066
0068 0068 0068
0070 0070 0070
0072 0072 0072
0074 0074 0074
0076 0076 0076
0078 0078 0078
0080 0080 0080
0082 0082 0082
0084 0084 0084
0086 0086 0086
0088 0088 0088
0090 0090 0090
0092 0092 0092
0094 0094 0094
0096 0096 0096
0098 0098 0098
0100 0100 0100
0102 0102 0102
0104 0104 0104
0106 0106 0106
0108 0108 0108
0110 0110 0110
0112 0112 0112
0114 0114 0114
0116 0116 0116
0118 0118 0118
0120 0120 0120
0122 0122 0122
0124 0124 0124
0126 0126 0126
0128 0128 0128
0130 0130 0130
0132 0132 0132
0134 0134 0134
0136 0136 0136
0138 0138 0138
0140 0140 0140
0142 0142 0142
0144 0144 0144
0146 0146 0146
0148 0148 0148
0150 0150 0150
0152 0152 0152
0154 0154 0154
0156 0156 0156
0158 0158 0158
0160 0160 0160
0162 0162 0162
0164 0164 0164
0166 0166 0166
0168 0168 0168
0170 0170 0170
0172 0172 0172
0174 0174 0174
0176 0176 0176
0178 0178 0178
0180 0180 0180
0182 0182 0182
0184 0184 0184
0186 0186 0186
0188 0188 0188
0190 0190 0190
0192 0192 0192
0194 0194 0194
0196 0196 0196
0198 0198 0198
0200 0200 0200
0202 0202 0202
0204 0204 0204
0206 0206 0204
0208 0208 0204
0210 0210 0206
0212 0212 0208
0214 0214 0210
0216 0216 0212
0218 0218 0214
0220 0220 0216
0222 0222 0218
0224 0224 0220
0226 0226 0222
0228 0228 0224
0230 0230 0226
0232 0232 0228
0234 0234 0230
0236 0236 0232
0238 0238 0234
0240 0240 0236
0242 0242 0238
0244 0244 0240
0246 0246 0242
0248 0248 0244
0250 0250 0246
0252 0252 0248
0254 0254 0250
0256 0256 0252
0258 0258 0254
0260 0260 0256
0262 0262 0258
0264 0264 0260
0266 0266 0262
0268 0268 0264
0270 0270 0266
0272 0272 0268
0274 0274 0270
0276 0276 0272
0278 0278 0274
0280 0280 0276
0282 0282 0278
0284 0284 0280
0286 0286 0282
0288 0288 0284
0290 0290 0286
0292 0292 0288
0294 0294 0290
0296 0296 0292
0298 0298 0294
0300 0300 0296
0302 0302 0298
0304 0304 0300
0306 0306 0302
0308 0308 0304
0310 0310 0306
0312 0312 0308
0314 0314 0310
0316 0316 0312
0318 0318 0314
0320 0320 0316
0322 0322 0318
0324 0324 0320
0326 0326 0322
0328 0328 0324
0330 0330 0326
0332 0332 0328
0334 0334 0330
0336 0336 0332
0338 0338 0334
0340 0340 0336
0342 0342 0338
0344 0344 0340
0346 0346 0342
0348 0348 0344
0350 0350 0346
0352 0352 0348
0354 0354 0350
0356 0356 0352
0358 0358 0354
0360 0360 0356
0362 0362 0358
0364 0364 0360
0366 0366 0362
0368 0368 0364
0370 0370 0366
0372 0372 0368
0374 0374 0370
0376 0376 0372
0378 0378 0374
0380 0380 0376
0382 0382 0378
0384 0384 0380
0386 0386 0382
0388 0388 0384
0390 0390 0386
0392 0392 0388
0394 0394 0390
0396 0396 0392
0398 0398 0394
0400 0400 0396
0402 0402 0398
0404 0404 0400
0406 0406 0402
0408 0408 0404
0410 0410 0406
0412 0412 0408
0414 0414 0410
0416 0416 0412
0418 0418 0414
0420 0420 0416
0422 0422 0418
0424 0424 0420
0426 0426 0422
0428 0428 0424
0430 0430 0426
0432 0432 0428
0434 0434 0430
0436 0436 0432
0438 0438 0434
0440 0440 0436
0442 0442 0438
0444 0444 0440
0446 0446 0442
0448 0448 0444
0450 0450 0446
0452 0452 0448
0454 0454 0450
0456 0456 0452
0458 0458 0454
0460 0460 0456
0462 0462 0458
0464 0464 0460
0466 0466 0462
0468 0468 0464
0470 0470 0466
0472 0472 0468
0474 0474 0470
0476 0476 0472
0478 0478 0474
0480 0480 0476
0482 0482 0478
0484 0484 0480
0486 0486 0482
0488 0488 0484
0490 0490 0486
0492 0492 0488
0494 0494 0490
0496 0496 0492
0498 0498 0494
0500 0500 0496
0502 0502 0498
0504 0504 0500
0506 0506 0502
0508 0508 0504
0510 0510 0506
0512 0512 0508
0514 0514 0510
0516 0516 0512
0518 0518 0514
0520 0520 0516
0522 0522 0518
0524 0524 0520
0526 0526 0522
0528 0528 0524
0530 0530 0526
0532 0532 0528
0534 0534 0530
0536 0536 0532
0538 0538 0534
0540 0540 0536
0542 0542 0538
0544 0544 0540
0546 0546 0542
0548 0548 0544
0550 0550 0546
0552 0552 0548
0554 0554 0550
0556 0556 0552
0558 0558 0554
0560 0560 0556
0562 0562 0558
0564 0564 0560
0566 0566 0562
0568 0568 0564
0570 0570 0566
0572 0572 0568
0574 0574 0570
0576 0576 0572
0578 0578 0574
0580 0580 0576
0582 0582 0578
0584 0584 0580
0586 0586 0582
0588 0588 0584
0590 0590 0586
0592 0592 0588
0594 0594 0590
0596 0596 0592
0598 0598 0594
0600 0600 0596
0602 0602 0598
0604 0604 0600
0606 0606 0602
0608 0608 0604
0610 0610 0606
0612 0612 0608
0614 0614 0608
0616 0616 0608
0618 0618 0610
0620 0620 0612
0622 0622 0614
0624 0624 0616
0626 0626 0618
0628 0628 0620
0630 0630 0622
0632 0632 0624
0634 0634 0626
0636 0636 0628
0638 0638 0630
0640 0640 0632
0642 0642 0634
0644 0644 0636
0646 0646 0638
0648 0648 0640
0650 0650 0642
0652 0652 0644
0654 0654 0646
0656 0656 0648
0658 0658 0650
0660 0660 0652
0662 0662 0654
0664 0664 0656
0666 0666 0658
0668 0668 0660
0670 0670 0662
0672 0672 0664
0674 0674 0666
0676 0676 0668
0678 0678 0670
0680 0680 0672
0682 0680 0674
0684 0680 0676
0686 0682 0678
0688 0684 0680
0690 0686 0682
0692 0688 0684
0694 0690 0686
0696 0692 0688
0698 0694 0690
0700 0696 0692
0702 0698 0694
0704 0700 0696
0706 0702 0698
0708 0704 0700
0710 0706 0702
0712 0708 0704
0714 0710 0706
0716 0712 0708
0718 0714 0710
0720 0716 0712
0722 0718 0714
0724 0720 0716
0726 0722 0718
0728 0724 0720
0730 0726 0722
0732 0728 0724
0734 0730 0726
0736 0732 0728
0738 0734 0730
0740 0736 0732
0742 0738 0734
0744 0740 0736
0746 0742 0738
0748 0744 0740
0750 0746 0742
0752 0748 0744
0754 0750 0746
0756 0752 0748
0758 0754 0750
0760 0756 0752
0762 0758 0754
0764 0760 0756
0766 0762 0758
0768 0764 0760
0770 0766 0762
0772 0768 0764
0774 0770 0766
0776 0772 0768
0778 0774 0770
0780 0776 0772
0782 0778 0774
0784 0780 0776
0786 0782 0778
0788 0784 0780
0790 0786 0782
0792 0788 0784
0794 0790 0786
0796 0792 0788
0798 0794 0790
0800 0796 0792
0802 0798 0794
0804 0800 0796
0806 0802 0798
0808 0804 0800
0810 0806 0802
0812 0808 0804
0814 0810 0806
0816 0812 0808
0818 0814 0810
0820 0816 0812
0822 0818 0814
0824 0820 0816
0826 0822 0818
0828 0824 0820
0830 0826 0822
0832 0828 0824
0834 0830 0826
0836 0832 0828
0838 0834 0830
0840 0836 0832
0842 0838 0834
0844 0840 0836
0846 0842 0838
0848 0844 0840
0850 0846 0842
0852 0848 0844
0854 0850 0846
0856 0852 0848
0858 0854 0850
0860 0856 0852
0862 0858 0854
0864 0860 0856
0866 0862 0858
0868 0864 0860
0870 0866 0862
0872 0868 0864
0874 0870 0866
0876 0872 0868
0878 0874 0870
0880 0876 0872
0882 0878 0874
0884 0880 0876
0886 0882 0878
0888 0884 0880
0890 0886 0882
0892 0888 0884
0894 0890 0886
0896 0892 0888
0898 0894 0890
0900 0896 0892
0902 0898 0894
0904 0900 0896
0906 0902 0898
0908 0904 0900
0910 0906 0902
0912 0908 0904
0914 0910 0906
0916 0912 0908
0918 0914 0910
0920 0916 0912
0922 0918 0914
0924 0920 0916
0926 0922 0918
0928 0924 0920
0930 0926 0922
0932 0928 0924
0934 0930 0926
0936 0932 0928
0938 0934 0930
0940 0936 0932
0942 0938 0934
0944 0940 0936
0946 0942 0938
0948 0944 0940
0950 0946 0942
0952 0948 0944
0954 0950 0946
0956 0952 0948
0958 0954 0950
0960 0956 0952
0962 0958 0954
0964 0960 0956
0966 0962 0958
0968 0964 0960
0970 0966 0962
0972 0968 0964
0974 0970 0966
0976 0972 0968
0978 0974 0970
0980 0976 0972
0982 0978 0974
0984 0980 0976
0986 0982 0978
0988 0984 0980
0990 0986 0982
0992 0988 0984
0994 0990 0986
0996 0992 0988
0998 0994 0990
1000 0996 0992
1002 0998 0994
1004 1000 0996
1006 1002 0998
1008 1004 1000
1010 1006 1002
1012 1008 1004
1014 1010 1006
1016 1012 1008
1018 1014 1010
1020 1016 1012
1020 1016 1012
