0000 0000 0000
0002 0002 0002
0004 0004 0004
0006 0006 0006
0008 0008 0008
0010 0010 0008
0012 0012 0008
0014 0014 0010
0016 0016 0012
0018 0018 0014
0020 0020 0016
0022 0022 0018
0024 0024 0020
0026 0026 0022
0028 0028 0024
0030 0030 0024
0032 0032 0024
0034 0032 0026
0036 0032 0028
0038 0034 0030
0040 0036 0032
0042 0038 0034
0044 0040 0036
0046 0042 0038
0048 0044 0040
0050 0046 0040
0052 0048 0040
0054 0050 0042
0056 0052 0044
0058 0054 0046
0060 0056 0048
0062 0058 0050
0064 0060 0052
0066 0062 0052
0068 0064 0052
0070 0066 0054
0072 0068 0056
0074 0070 0058
0076 0072 0060
0078 0074 0062
0080 0076 0064
0082 0078 0066
0084 0080 0068
0086 0082 0068
0088 0084 0068
0090 0086 0070
0092 0088 0072
0094 0090 0074
0096 0092 0076
0098 0092 0078
0100 0092 0080
0102 0094 0082
0104 0096 0084
0106 0098 0084
0108 0100 0084
0110 0102 0086
0112 0104 0088
0114 0106 0090
0116 0108 0092
0118 0110 0094
0120 0112 0096
0122 0114 0098
0124 0116 0100
0126 0118 0100
0128 0120 0100
0130 0122 0102
0132 0124 0104
0134 0126 0106
0136 0128 0108
0138 0130 0110
0140 0132 0112
0142 0134 0114
0144 0136 0116
0146 0138 0116
0148 0140 0116
0150 0142 0118
0152 0144 0120
0154 0146 0122
0156 0148 0124
0158 0150 0126
0160 0152 0128
0162 0154 0130
0164 0156 0132
0166 0156 0132
0168 0156 0132
0170 0158 0134
0172 0160 0136
0174 0162 0138
0176 0164 0140
0178 0166 0142
0180 0168 0144
0182 0170 0146
0184 0172 0148
0186 0174 0148
0188 0176 0148
0190 0178 0150
0192 0180 0152
0194 0182 0154
0196 0184 0156
0198 0186 0158
0200 0188 0160
0202 0190 0160
0204 0192 0160
0206 0194 0162
0208 0196 0164
0210 0198 0166
0212 0200 0168
0214 0202 0170
0216 0204 0172
0218 0206 0174
0220 0208 0176
0222 0210 0176
0224 0212 0176
0226 0214 0178
0228 0216 0180
0230 0218 0182
0232 0220 0184
0234 0220 0186
0236 0220 0188
0238 0222 0190
0240 0224 0192
0242 0226 0192
0244 0228 0192
0246 0230 0194
0248 0232 0196
0250 0234 0198
0252 0236 0200
0254 0238 0202
0256 0240 0204
0258 0242 0206
0260 0244 0208
0262 0246 0208
0264 0248 0208
0266 0250 0210
0268 0252 0212
0270 0254 0214
0272 0256 0216
0274 0258 0218
0276 0260 0220
0278 0262 0222
0280 0264 0224
0282 0266 0224
0284 0268 0224
0286 0270 0226
0288 0272 0228
0290 0274 0230
0292 0276 0232
0294 0278 0234
0296 0280 0236
0298 0280 0238
0300 0280 0240
0302 0282 0240
0304 0284 0240
0306 0286 0242
0308 0288 0244
0310 0290 0246
0312 0292 0248
0314 0294 0250
0316 0296 0252
0318 0298 0254
0320 0300 0256
0322 0302 0256
0324 0304 0256
0326 0306 0258
0328 0308 0260
0330 0310 0262
0332 0312 0264
0334 0314 0266
0336 0316 0268
0338 0318 0268
0340 0320 0268
0342 0322 0270
0344 0324 0272
0346 0326 0274
0348 0328 0276
0350 0330 0278
0352 0332 0280
0354 0334 0282
0356 0336 0284
0358 0338 0284
0360 0340 0284
0362 0342 0286
0364 0344 0288
0366 0344 0290
0368 0344 0292
0370 0346 0294
0372 0348 0296
0374 0350 0298
0376 0352 0300
0378 0354 0300
0380 0356 0300
0382 0358 0302
0384 0360 0304
0386 0362 0306
0388 0364 0308
0390 0366 0310
0392 0368 0312
0394 0370 0314
0396 0372 0316
0398 0374 0316
0400 0376 0316
0402 0378 0318
0404 0380 0320
0406 0382 0322
0408 0384 0324
0410 0386 0326
0412 0388 0328
0414 0390 0330
0416 0392 0332
0418 0394 0332
0420 0396 0332
0422 0398 0334
0424 0400 0336
0426 0402 0338
0428 0404 0340
0430 0406 0342
0432 0408 0344
0434 0408 0346
0436 0408 0348
0438 0410 0348
0440 0412 0348
0442 0414 0350
0444 0416 0352
0446 0418 0354
0448 0420 0356
0450 0422 0358
0452 0424 0360
0454 0426 0362
0456 0428 0364
0458 0430 0364
0460 0432 0364
0462 0434 0366
0464 0436 0368
0466 0438 0370
0468 0440 0372
0470 0442 0374
0472 0444 0376
0474 0446 0376
0476 0448 0376
0478 0450 0378
0480 0452 0380
0482 0454 0382
0484 0456 0384
0486 0458 0386
0488 0460 0388
0490 0462 0390
0492 0464 0392
0494 0466 0392
0496 0468 0392
0498 0468 0394
0500 0468 0396
0502 0470 0398
0504 0472 0400
0506 0474 0402
0508 0476 0404
0510 0478 0406
0512 0480 0408
0514 0482 0408
0516 0484 0408
0518 0486 0410
0520 0488 0412
0522 0490 0414
0524 0492 0416
0526 0494 0418
0528 0496 0420
0530 0498 0422
0532 0500 0424
0534 0502 0424
0536 0504 0424
0538 0506 0426
0540 0508 0428
0542 0510 0430
0544 0512 0432
0546 0514 0434
0548 0516 0436
0550 0518 0438
0552 0520 0440
0554 0522 0440
0556 0524 0440
0558 0526 0442
0560 0528 0444
0562 0530 0446
0564 0532 0448
0566 0532 0450
0568 0532 0452
0570 0534 0454
0572 0536 0456
0574 0538 0456
0576 0540 0456
0578 0542 0458
0580 0544 0460
0582 0546 0462
0584 0548 0464
0586 0550 0466
0588 0552 0468
0590 0554 0470
0592 0556 0472
0594 0558 0472
0596 0560 0472
0598 0562 0474
0600 0564 0476
0602 0566 0478
0604 0568 0480
0606 0570 0482
0608 0572 0484
0610 0574 0484
0612 0576 0484
0614 0578 0486
0616 0580 0488
0618 0582 0490
0620 0584 0492
0622 0586 0494
0624 0588 0496
0626 0590 0498
0628 0592 0500
0630 0592 0500
0632 0592 0500
0634 0594 0502
0636 0596 0504
0638 0598 0506
0640 0600 0508
0642 0602 0510
0644 0604 0512
0646 0606 0514
0648 0608 0516
0650 0610 0516
0652 0612 0516
0654 0614 0518
0656 0616 0520
0658 0618 0522
0660 0620 0524
0662 0622 0526
0664 0624 0528
0666 0626 0530
0668 0628 0532
0670 0630 0532
0672 0632 0532
0674 0634 0534
0676 0636 0536
0678 0638 0538
0680 0640 0540
0682 0642 0542
0684 0644 0544
0686 0646 0546
0688 0648 0548
0690 0650 0548
0692 0652 0548
0694 0654 0550
0696 0656 0552
0698 0656 0554
0700 0656 0556
0702 0658 0558
0704 0660 0560
0706 0662 0562
0708 0664 0564
0710 0666 0564
0712 0668 0564
0714 0670 0566
0716 0672 0568
0718 0674 0570
0720 0676 0572
0722 0678 0574
0724 0680 0576
0726 0682 0578
0728 0684 0580
0730 0686 0580
0732 0688 0580
0734 0690 0582
0736 0692 0584
0738 0694 0586
0740 0696 0588
0742 0698 0590
0744 0700 0592
0746 0702 0592
0748 0704 0592
0750 0706 0594
0752 0708 0596
0754 0710 0598
0756 0712 0600
0758 0714 0602
0760 0716 0604
0762 0718 0606
0764 0720 0608
0766 0720 0608
0768 0720 0608
0770 0722 0610
0772 0724 0612
0774 0726 0614
0776 0728 0616
0778 0730 0618
0780 0732 0620
0782 0734 0622
0784 0736 0624
0786 0738 0624
0788 0740 0624
0790 0742 0626
0792 0744 0628
0794 0746 0630
0796 0748 0632
0798 0750 0634
0800 0752 0636
0802 0754 0638
0804 0756 0640
0806 0758 0640
0808 0760 0640
0810 0762 0642
0812 0764 0644
0814 0766 0646
0816 0768 0648
0818 0770 0650
0820 0772 0652
0822 0774 0654
0824 0776 0656
0826 0778 0656
0828 0780 0656
0830 0780 0658
0832 0780 0660
0834 0782 0662
0836 0784 0664
0838 0786 0666
0840 0788 0668
0842 0790 0670
0844 0792 0672
0846 0794 0672
0848 0796 0672
0850 0798 0674
0852 0800 0676
0854 0802 0678
0856 0804 0680
0858 0806 0682
0860 0808 0684
0862 0810 0686
0864 0812 0688
0866 0814 0688
0868 0816 0688
0870 0818 0690
0872 0820 0692
0874 0822 0694
0876 0824 0696
0878 0826 0698
0880 0828 0700
0882 0830 0700
0884 0832 0700
0886 0834 0702
0888 0836 0704
0890 0838 0706
0892 0840 0708
0894 0842 0710
0896 0844 0712
0898 0844 0714
0900 0844 0716
0902 0846 0716
0904 0848 0716
0906 0850 0718
0908 0852 0720
0910 0854 0722
0912 0856 0724
0914 0858 0726
0916 0860 0728
0918 0862 0730
0920 0864 0732
0922 0866 0732
0924 0868 0732
0926 0870 0734
0928 0872 0736
0930 0874 0738
0932 0876 0740
0934 0878 0742
0936 0880 0744
0938 0882 0746
0940 0884 0748
0942 0886 0748
0944 0888 0748
0946 0890 0750
0948 0892 0752
0950 0894 0754
0952 0896 0756
0954 0898 0758
0956 0900 0760
0958 0902 0762
0960 0904 0764
0962 0906 0764
0964 0908 0764
0966 0908 0766
0968 0908 0768
0970 0910 0770
0972 0912 0772
0974 0914 0774
0976 0916 0776
0978 0918 0778
0980 0920 0780
0982 0922 0780
0984 0924 0780
0986 0926 0782
0988 0928 0784
0990 0930 0786
0992 0932 0788
0994 0934 0790
0996 0936 0792
0998 0938 0794
1000 0940 0796
1002 0942 0796
1004 0944 0796
1006 0946 0798
1008 0948 0800
1010 0950 0802
1012 0952 0804
1014 0954 0806
1016 0956 0808
1018 0958 0808
1020 0960 0808
1020 0960 0808
