0000 0000 0000
0002 0002 0002
0004 0004 0004
0006 0006 0006
0008 0008 0008
0010 0010 0010
0012 0012 0012
0014 0014 0014
0016 0016 0016
0018 0018 0018
0020 0020 0020
0022 0022 0020
0024 0024 0020
0026 0026 0022
0028 0028 0024
0030 0030 0026
0032 0032 0028
0034 0034 0030
0036 0036 0032
0038 0038 0034
0040 0040 0036
0042 0042 0038
0044 0044 0040
0046 0046 0042
0048 0048 0044
0050 0050 0046
0052 0052 0048
0054 0054 0050
0056 0056 0052
0058 0058 0054
0060 0060 0056
0062 0062 0056
0064 0064 0056
0066 0066 0058
0068 0068 0060
0070 0068 0062
0072 0068 0064
0074 0070 0066
0076 0072 0068
0078 0074 0070
0080 0076 0072
0082 0078 0074
0084 0080 0076
0086 0082 0078
0088 0084 0080
0090 0086 0082
0092 0088 0084
0094 0090 0086
0096 0092 0088
0098 0094 0090
0100 0096 0092
0102 0098 0092
0104 0100 0092
0106 0102 0094
0108 0104 0096
0110 0106 0098
0112 0108 0100
0114 0110 0102
0116 0112 0104
0118 0114 0106
0120 0116 0108
0122 0118 0110
0124 0120 0112
0126 0122 0114
0128 0124 0116
0130 0126 0118
0132 0128 0120
0134 0130 0122
0136 0132 0124
0138 0134 0126
0140 0136 0128
0142 0138 0128
0144 0140 0128
0146 0142 0130
0148 0144 0132
0150 0146 0134
0152 0148 0136
0154 0150 0138
0156 0152 0140
0158 0154 0142
0160 0156 0144
0162 0158 0146
0164 0160 0148
0166 0162 0150
0168 0164 0152
0170 0166 0154
0172 0168 0156
0174 0170 0158
0176 0172 0160
0178 0174 0162
0180 0176 0164
0182 0178 0166
0184 0180 0168
0186 0182 0168
0188 0184 0168
0190 0186 0170
0192 0188 0172
0194 0190 0174
0196 0192 0176
0198 0194 0178
0200 0196 0180
0202 0198 0182
0204 0200 0184
0206 0200 0186
0208 0200 0188
0210 0202 0190
0212 0204 0192
0214 0206 0194
0216 0208 0196
0218 0210 0198
0220 0212 0200
0222 0214 0202
0224 0216 0204
0226 0218 0204
0228 0220 0204
0230 0222 0206
0232 0224 0208
0234 0226 0210
0236 0228 0212
0238 0230 0214
0240 0232 0216
0242 0234 0218
0244 0236 0220
0246 0238 0222
0248 0240 0224
0250 0242 0226
0252 0244 0228
0254 0246 0230
0256 0248 0232
0258 0250 0234
0260 0252 0236
0262 0254 0238
0264 0256 0240
0266 0258 0240
0268 0260 0240
0270 0262 0242
0272 0264 0244
0274 0266 0246
0276 0268 0248
0278 0270 0250
0280 0272 0252
0282 0274 0254
0284 0276 0256
0286 0278 0258
0288 0280 0260
0290 0282 0262
0292 0284 0264
0294 0286 0266
0296 0288 0268
0298 0290 0270
0300 0292 0272
0302 0294 0274
0304 0296 0276
0306 0298 0276
0308 0300 0276
0310 0302 0278
0312 0304 0280
0314 0306 0282
0316 0308 0284
0318 0310 0286
0320 0312 0288
0322 0314 0290
0324 0316 0292
0326 0318 0294
0328 0320 0296
0330 0322 0298
0332 0324 0300
0334 0326 0302
0336 0328 0304
0338 0330 0306
0340 0332 0308
0342 0332 0310
0344 0332 0312
0346 0334 0312
0348 0336 0312
0350 0338 0314
0352 0340 0316
0354 0342 0318
0356 0344 0320
0358 0346 0322
0360 0348 0324
0362 0350 0326
0364 0352 0328
0366 0354 0330
0368 0356 0332
0370 0358 0334
0372 0360 0336
0374 0362 0338
0376 0364 0340
0378 0366 0342
0380 0368 0344
0382 0370 0346
0384 0372 0348
0386 0374 0350
0388 0376 0352
0390 0378 0352
0392 0380 0352
0394 0382 0354
0396 0384 0356
0398 0386 0358
0400 0388 0360
0402 0390 0362
0404 0392 0364
0406 0394 0366
0408 0396 0368
0410 0398 0370
0412 0400 0372
0414 0402 0374
0416 0404 0376
0418 0406 0378
0420 0408 0380
0422 0410 0382
0424 0412 0384
0426 0414 0386
0428 0416 0388
0430 0418 0388
0432 0420 0388
0434 0422 0390
0436 0424 0392
0438 0426 0394
0440 0428 0396
0442 0430 0398
0444 0432 0400
0446 0434 0402
0448 0436 0404
0450 0438 0406
0452 0440 0408
0454 0442 0410
0456 0444 0412
0458 0446 0414
0460 0448 0416
0462 0450 0418
0464 0452 0420
0466 0454 0422
0468 0456 0424
0470 0458 0424
0472 0460 0424
0474 0462 0426
0476 0464 0428
0478 0464 0430
0480 0464 0432
0482 0466 0434
0484 0468 0436
0486 0470 0438
0488 0472 0440
0490 0474 0442
0492 0476 0444
0494 0478 0446
0496 0480 0448
0498 0482 0450
0500 0484 0452
0502 0486 0454
0504 0488 0456
0506 0490 0458
0508 0492 0460
0510 0494 0460
0512 0496 0460
0514 0498 0462
0516 0500 0464
0518 0502 0466
0520 0504 0468
0522 0506 0470
0524 0508 0472
0526 0510 0474
0528 0512 0476
0530 0514 0478
0532 0516 0480
0534 0518 0482
0536 0520 0484
0538 0522 0486
0540 0524 0488
0542 0526 0490
0544 0528 0492
0546 0530 0494
0548 0532 0496
0550 0534 0498
0552 0536 0500
0554 0538 0500
0556 0540 0500
0558 0542 0502
0560 0544 0504
0562 0546 0506
0564 0548 0508
0566 0550 0510
0568 0552 0512
0570 0554 0514
0572 0556 0516
0574 0558 0518
0576 0560 0520
0578 0562 0522
0580 0564 0524
0582 0566 0526
0584 0568 0528
0586 0570 0530
0588 0572 0532
0590 0574 0534
0592 0576 0536
0594 0578 0536
0596 0580 0536
0598 0582 0538
0600 0584 0540
0602 0586 0542
0604 0588 0544
0606 0590 0546
0608 0592 0548
0610 0594 0550
0612 0596 0552
0614 0596 0554
0616 0596 0556
0618 0598 0558
0620 0600 0560
0622 0602 0562
0624 0604 0564
0626 0606 0566
0628 0608 0568
0630 0610 0570
0632 0612 0572
0634 0614 0572
0636 0616 0572
0638 0618 0574
0640 0620 0576
0642 0622 0578
0644 0624 0580
0646 0626 0582
0648 0628 0584
0650 0630 0586
0652 0632 0588
0654 0634 0590
0656 0636 0592
0658 0638 0594
0660 0640 0596
0662 0642 0598
0664 0644 0600
0666 0646 0602
0668 0648 0604
0670 0650 0606
0672 0652 0608
0674 0654 0608
0676 0656 0608
0678 0658 0610
0680 0660 0612
0682 0662 0614
0684 0664 0616
0686 0666 0618
0688 0668 0620
0690 0670 0622
0692 0672 0624
0694 0674 0626
0696 0676 0628
0698 0678 0630
0700 0680 0632
0702 0682 0634
0704 0684 0636
0706 0686 0638
0708 0688 0640
0710 0690 0642
0712 0692 0644
0714 0694 0644
0716 0696 0644
0718 0698 0646
0720 0700 0648
0722 0702 0650
0724 0704 0652
0726 0706 0654
0728 0708 0656
0730 0710 0658
0732 0712 0660
0734 0714 0662
0736 0716 0664
0738 0718 0666
0740 0720 0668
0742 0722 0670
0744 0724 0672
0746 0726 0674
0748 0728 0676
0750 0728 0678
0752 0728 0680
0754 0730 0682
0756 0732 0684
0758 0734 0684
0760 0736 0684
0762 0738 0686
0764 0740 0688
0766 0742 0690
0768 0744 0692
0770 0746 0694
0772 0748 0696
0774 0750 0698
0776 0752 0700
0778 0754 0702
0780 0756 0704
0782 0758 0706
0784 0760 0708
0786 0762 0710
0788 0764 0712
0790 0766 0714
0792 0768 0716
0794 0770 0718
0796 0772 0720
0798 0774 0720
0800 0776 0720
0802 0778 0722
0804 0780 0724
0806 0782 0726
0808 0784 0728
0810 0786 0730
0812 0788 0732
0814 0790 0734
0816 0792 0736
0818 0794 0738
0820 0796 0740
0822 0798 0742
0824 0800 0744
0826 0802 0746
0828 0804 0748
0830 0806 0750
0832 0808 0752
0834 0810 0754
0836 0812 0756
0838 0814 0756
0840 0816 0756
0842 0818 0758
0844 0820 0760
0846 0822 0762
0848 0824 0764
0850 0826 0766
0852 0828 0768
0854 0830 0770
0856 0832 0772
0858 0834 0774
0860 0836 0776
0862 0838 0778
0864 0840 0780
0866 0842 0782
0868 0844 0784
0870 0846 0786
0872 0848 0788
0874 0850 0790
0876 0852 0792
0878 0854 0792
0880 0856 0792
0882 0858 0794
0884 0860 0796
0886 0860 0798
0888 0860 0800
0890 0862 0802
0892 0864 0804
0894 0866 0806
0896 0868 0808
0898 0870 0810
0900 0872 0812
0902 0874 0814
0904 0876 0816
0906 0878 0818
0908 0880 0820
0910 0882 0822
0912 0884 0824
0914 0886 0826
0916 0888 0828
0918 0890 0830
0920 0892 0832
0922 0894 0832
0924 0896 0832
0926 0898 0834
0928 0900 0836
0930 0902 0838
0932 0904 0840
0934 0906 0842
0936 0908 0844
0938 0910 0846
0940 0912 0848
0942 0914 0850
0944 0916 0852
0946 0918 0854
0948 0920 0856
0950 0922 0858
0952 0924 0860
0954 0926 0862
0956 0928 0864
0958 0930 0866
0960 0932 0868
0962 0934 0868
0964 0936 0868
0966 0938 0870
0968 0940 0872
0970 0942 0874
0972 0944 0876
0974 0946 0878
0976 0948 0880
0978 0950 0882
0980 0952 0884
0982 0954 0886
0984 0956 0888
0986 0958 0890
0988 0960 0892
0990 0962 0894
0992 0964 0896
0994 0966 0898
0996 0968 0900
0998 0970 0902
1000 0972 0904
1002 0974 0904
1004 0976 0904
1006 0978 0906
1008 0980 0908
1010 0982 0910
1012 0984 0912
1014 0986 0914
1016 0988 0916
1018 0990 0918
1020 0992 0920
1020 0992 0920
