0000 0000 0000
0002 0002 0002
0004 0004 0004
0006 0006 0006
0008 0008 0008
0010 0010 0010
0012 0012 0012
0014 0014 0014
0016 0016 0016
0018 0018 0018
0020 0020 0020
0022 0022 0022
0024 0024 0024
0026 0026 0026
0028 0028 0028
0030 0030 0030
0032 0032 0032
0034 0034 0034
0036 0036 0036
0038 0038 0038
0040 0040 0040
0042 0042 0042
0044 0044 0044
0046 0046 0046
0048 0048 0048
0050 0050 0050
0052 0052 0052
0054 0054 0054
0056 0056 0056
0058 0058 0058
0060 0060 0060
0062 0062 0062
0064 0064 0064
0066 0066 0066
0068 0068 0068
0070 0070 0070
0072 0072 0072
0074 0074 0074
0076 0076 0076
0078 0078 0078
0080 0080 0080
0080 0082 0082
0080 0084 0084
0082 0086 0086
0084 0088 0088
0086 0090 0090
0088 0092 0092
0090 0094 0094
0092 0096 0096
0094 0098 0098
0096 0100 0100
0098 0102 0102
0100 0104 0104
0102 0106 0106
0104 0108 0108
0106 0110 0110
0108 0112 0112
0110 0114 0114
0112 0116 0116
0114 0118 0118
0116 0120 0120
0118 0122 0122
0120 0124 0124
0122 0126 0126
0124 0128 0128
0126 0130 0130
0128 0132 0132
0130 0134 0134
0132 0136 0136
0134 0138 0138
0136 0140 0140
0138 0142 0142
0140 0144 0144
0142 0146 0146
0144 0148 0148
0146 0150 0150
0148 0152 0152
0150 0154 0154
0152 0156 0156
0154 0158 0158
0156 0160 0160
0158 0160 0162
0160 0160 0164
0162 0162 0166
0164 0164 0168
0166 0166 0170
0168 0168 0172
0170 0170 0174
0172 0172 0176
0174 0174 0178
0176 0176 0180
0178 0178 0182
0180 0180 0184
0182 0182 0186
0184 0184 0188
0186 0186 0190
0188 0188 0192
0190 0190 0194
0192 0192 0196
0194 0194 0198
0196 0196 0200
0198 0198 0202
0200 0200 0204
0202 0202 0206
0204 0204 0208
0206 0206 0210
0208 0208 0212
0210 0210 0214
0212 0212 0216
0214 0214 0218
0216 0216 0220
0218 0218 0222
0220 0220 0224
0222 0222 0226
0224 0224 0228
0226 0226 0230
0228 0228 0232
0230 0230 0234
0232 0232 0236
0234 0234 0238
0236 0236 0240
0238 0238 0242
0240 0240 0244
0242 0242 0246
0244 0244 0248
0244 0246 0250
0244 0248 0252
0246 0250 0254
0248 0252 0256
0250 0254 0258
0252 0256 0260
0254 0258 0262
0256 0260 0264
0258 0262 0266
0260 0264 0268
0262 0266 0270
0264 0268 0272
0266 0270 0274
0268 0272 0276
0270 0274 0278
0272 0276 0280
0274 0278 0282
0276 0280 0284
0278 0282 0286
0280 0284 0288
0282 0286 0290
0284 0288 0292
0286 0290 0294
0288 0292 0296
0290 0294 0298
0292 0296 0300
0294 0298 0302
0296 0300 0304
0298 0302 0306
0300 0304 0308
0302 0306 0310
0304 0308 0312
0306 0310 0314
0308 0312 0316
0310 0314 0318
0312 0316 0320
0314 0318 0322
0316 0320 0324
0318 0322 0326
0320 0324 0328
0322 0326 0330
0324 0328 0332
0326 0330 0334
0328 0332 0336
0330 0334 0338
0332 0336 0340
0334 0338 0342
0336 0340 0344
0338 0342 0346
0340 0344 0348
0342 0346 0350
0344 0348 0352
0346 0350 0354
0348 0352 0356
0350 0354 0358
0352 0356 0360
0354 0358 0362
0356 0360 0364
0358 0362 0366
0360 0364 0368
0362 0366 0370
0364 0368 0372
0366 0370 0374
0368 0372 0376
0370 0374 0378
0372 0376 0380
0374 0378 0382
0376 0380 0384
0378 0382 0386
0380 0384 0388
0382 0386 0390
0384 0388 0392
0386 0390 0394
0388 0392 0396
0390 0394 0398
0392 0396 0400
0394 0398 0402
0396 0400 0404
0398 0402 0406
0400 0404 0408
0402 0406 0410
0404 0408 0412
0406 0410 0414
0408 0412 0416
0408 0414 0418
0408 0416 0420
0410 0418 0422
0412 0420 0424
0414 0422 0426
0416 0424 0428
0418 0426 0430
0420 0428 0432
0422 0430 0434
0424 0432 0436
0426 0434 0438
0428 0436 0440
0430 0438 0442
0432 0440 0444
0434 0442 0446
0436 0444 0448
0438 0446 0450
0440 0448 0452
0442 0450 0454
0444 0452 0456
0446 0454 0458
0448 0456 0460
0450 0458 0462
0452 0460 0464
0454 0462 0466
0456 0464 0468
0458 0466 0470
0460 0468 0472
0462 0470 0474
0464 0472 0476
0466 0474 0478
0468 0476 0480
0470 0478 0482
0472 0480 0484
0474 0480 0486
0476 0480 0488
0478 0482 0490
0480 0484 0492
0482 0486 0494
0484 0488 0496
0486 0490 0498
0488 0492 0500
0490 0494 0502
0492 0496 0504
0494 0498 0506
0496 0500 0508
0498 0502 0510
0500 0504 0512
0502 0506 0514
0504 0508 0516
0506 0510 0518
0508 0512 0520
0510 0514 0522
0512 0516 0524
0514 0518 0526
0516 0520 0528
0518 0522 0530
0520 0524 0532
0522 0526 0534
0524 0528 0536
0526 0530 0538
0528 0532 0540
0530 0534 0542
0532 0536 0544
0534 0538 0546
0536 0540 0548
0538 0542 0550
0540 0544 0552
0542 0546 0554
0544 0548 0556
0546 0550 0558
0548 0552 0560
0550 0554 0562
0552 0556 0564
0554 0558 0566
0556 0560 0568
0558 0562 0570
0560 0564 0572
0562 0566 0574
0564 0568 0576
0566 0570 0578
0568 0572 0580
0570 0574 0582
0572 0576 0584
0572 0578 0586
0572 0580 0588
0574 0582 0590
0576 0584 0592
0578 0586 0594
0580 0588 0596
0582 0590 0598
0584 0592 0600
0586 0594 0602
0588 0596 0604
0590 0598 0606
0592 0600 0608
0594 0602 0610
0596 0604 0612
0598 0606 0614
0600 0608 0616
0602 0610 0618
0604 0612 0620
0606 0614 0622
0608 0616 0624
0610 0618 0626
0612 0620 0628
0614 0622 0630
0616 0624 0632
0618 0626 0634
0620 0628 0636
0622 0630 0638
0624 0632 0640
0626 0634 0642
0628 0636 0644
0630 0638 0646
0632 0640 0648
0634 0642 0650
0636 0644 0652
0638 0646 0654
0640 0648 0656
0642 0650 0658
0644 0652 0660
0646 0654 0662
0648 0656 0664
0650 0658 0666
0652 0660 0668
0654 0662 0670
0656 0664 0672
0658 0666 0674
0660 0668 0676
0662 0670 0678
0664 0672 0680
0666 0674 0682
0668 0676 0684
0670 0678 0686
0672 0680 0688
0674 0682 0690
0676 0684 0692
0678 0686 0694
0680 0688 0696
0682 0690 0698
0684 0692 0700
0686 0694 0702
0688 0696 0704
0690 0698 0706
0692 0700 0708
0694 0702 0710
0696 0704 0712
0698 0706 0714
0700 0708 0716
0702 0710 0718
0704 0712 0720
0706 0714 0722
0708 0716 0724
0710 0718 0726
0712 0720 0728
0714 0722 0730
0716 0724 0732
0718 0726 0734
0720 0728 0736
0722 0730 0738
0724 0732 0740
0726 0734 0742
0728 0736 0744
0730 0738 0746
0732 0740 0748
0732 0742 0750
0732 0744 0752
0734 0746 0754
0736 0748 0756
0738 0750 0758
0740 0752 0760
0742 0754 0762
0744 0756 0764
0746 0758 0766
0748 0760 0768
0750 0762 0770
0752 0764 0772
0754 0766 0774
0756 0768 0776
0758 0770 0778
0760 0772 0780
0762 0774 0782
0764 0776 0784
0766 0778 0786
0768 0780 0788
0770 0782 0790
0772 0784 0792
0774 0786 0794
0776 0788 0796
0778 0790 0798
0780 0792 0800
0782 0794 0802
0784 0796 0804
0786 0798 0806
0788 0800 0808
0790 0800 0810
0792 0800 0812
0794 0802 0814
0796 0804 0816
0798 0806 0818
0800 0808 0820
0802 0810 0822
0804 0812 0824
0806 0814 0826
0808 0816 0828
0810 0818 0830
0812 0820 0832
0814 0822 0834
0816 0824 0836
0818 0826 0838
0820 0828 0840
0822 0830 0842
0824 0832 0844
0826 0834 0846
0828 0836 0848
0830 0838 0850
0832 0840 0852
0834 0842 0854
0836 0844 0856
0838 0846 0858
0840 0848 0860
0842 0850 0862
0844 0852 0864
0846 0854 0866
0848 0856 0868
0850 0858 0870
0852 0860 0872
0854 0862 0874
0856 0864 0876
0858 0866 0878
0860 0868 0880
0862 0870 0882
0864 0872 0884
0866 0874 0886
0868 0876 0888
0870 0878 0890
0872 0880 0892
0874 0882 0894
0876 0884 0896
0878 0886 0898
0880 0888 0900
0882 0890 0902
0884 0892 0904
0886 0894 0906
0888 0896 0908
0890 0898 0910
0892 0900 0912
0894 0902 0914
0896 0904 0916
0896 0906 0918
0896 0908 0920
0898 0910 0922
0900 0912 0924
0902 0914 0926
0904 0916 0928
0906 0918 0930
0908 0920 0932
0910 0922 0934
0912 0924 0936
0914 0926 0938
0916 0928 0940
0918 0930 0942
0920 0932 0944
0922 0934 0946
0924 0936 0948
0926 0938 0950
0928 0940 0952
0930 0942 0954
0932 0944 0956
0934 0946 0958
0936 0948 0960
0938 0950 0962
0940 0952 0964
0942 0954 0966
0944 0956 0968
0946 0958 0970
0948 0960 0972
0950 0962 0974
0952 0964 0976
0954 0966 0978
0956 0968 0980
0958 0970 0982
0960 0972 0984
0962 0974 0986
0964 0976 0988
0966 0978 0990
0968 0980 0992
0970 0982 0994
0972 0984 0996
0974 0986 0998
0976 0988 1000
0978 0990 1002
0980 0992 1004
0982 0994 1006
0984 0996 1008
0986 0998 1010
0988 1000 1012
0990 1002 1014
0992 1004 1016
0994 1006 1018
0996 1008 1020
0996 1008 1020
