0000 0000 0000
0002 0002 0002
0004 0004 0004
0006 0006 0006
0008 0008 0008
0010 0010 0010
0012 0012 0012
0014 0014 0014
0016 0016 0016
0018 0018 0018
0020 0020 0020
0022 0022 0022
0024 0024 0024
0026 0026 0026
0028 0028 0028
0030 0030 0030
0032 0032 0032
0034 0034 0034
0036 0036 0036
0038 0038 0038
0040 0040 0040
0042 0042 0042
0044 0044 0044
0046 0046 0046
0048 0048 0048
0050 0050 0050
0052 0052 0052
0054 0054 0054
0056 0056 0056
0058 0058 0058
0060 0060 0060
0062 0062 0062
0064 0064 0064
0066 0066 0066
0068 0068 0068
0070 0070 0070
0072 0072 0072
0074 0074 0074
0076 0076 0076
0078 0078 0078
0080 0080 0080
0082 0082 0082
0084 0084 0084
0086 0086 0086
0088 0088 0088
0090 0090 0090
0092 0092 0092
0094 0094 0094
0096 0096 0096
0098 0098 0098
0100 0100 0100
0102 0102 0102
0104 0104 0104
0106 0106 0106
0108 0108 0108
0110 0110 0110
0112 0112 0112
0114 0114 0114
0116 0116 0116
0118 0118 0118
0120 0120 0120
0122 0122 0122
0124 0124 0124
0126 0126 0126
0128 0128 0128
0130 0130 0130
0132 0132 0132
0134 0134 0134
0136 0136 0136
0138 0138 0138
0140 0140 0140
0142 0142 0142
0144 0144 0144
0146 0146 0146
0148 0148 0148
0150 0150 0150
0152 0152 0152
0154 0154 0154
0156 0156 0156
0158 0158 0158
0160 0160 0160
0162 0162 0162
0164 0164 0164
0166 0166 0166
0168 0168 0168
0170 0170 0170
0172 0172 0172
0174 0174 0174
0176 0176 0176
0178 0178 0178
0180 0180 0180
0182 0182 0182
0184 0184 0184
0186 0186 0186
0188 0188 0188
0190 0190 0190
0192 0192 0192
0194 0194 0194
0196 0196 0196
0198 0198 0198
0200 0200 0200
0202 0202 0202
0204 0204 0204
0206 0206 0206
0208 0208 0208
0210 0210 0210
0212 0212 0212
0214 0214 0214
0216 0216 0216
0218 0218 0218
0220 0220 0220
0222 0222 0222
0224 0224 0224
0226 0226 0226
0228 0228 0228
0230 0230 0230
0232 0232 0232
0234 0234 0234
0236 0236 0236
0238 0238 0238
0240 0240 0240
0240 0242 0242
0240 0244 0244
0242 0246 0246
0244 0248 0248
0246 0250 0250
0248 0252 0252
0250 0254 0254
0252 0256 0256
0254 0258 0258
0256 0260 0260
0258 0262 0262
0260 0264 0264
0262 0266 0266
0264 0268 0268
0266 0270 0270
0268 0272 0272
0270 0274 0274
0272 0276 0276
0274 0278 0278
0276 0280 0280
0278 0282 0282
0280 0284 0284
0282 0286 0286
0284 0288 0288
0286 0290 0290
0288 0292 0292
0290 0294 0294
0292 0296 0296
0294 0298 0298
0296 0300 0300
0298 0302 0302
0300 0304 0304
0302 0306 0306
0304 0308 0308
0306 0310 0310
0308 0312 0312
0310 0314 0314
0312 0316 0316
0314 0318 0318
0316 0320 0320
0318 0322 0322
0320 0324 0324
0322 0326 0326
0324 0328 0328
0326 0330 0330
0328 0332 0332
0330 0334 0334
0332 0336 0336
0334 0338 0338
0336 0340 0340
0338 0342 0342
0340 0344 0344
0342 0346 0346
0344 0348 0348
0346 0350 0350
0348 0352 0352
0350 0354 0354
0352 0356 0356
0354 0358 0358
0356 0360 0360
0358 0362 0362
0360 0364 0364
0362 0366 0366
0364 0368 0368
0366 0370 0370
0368 0372 0372
0370 0374 0374
0372 0376 0376
0374 0378 0378
0376 0380 0380
0378 0382 0382
0380 0384 0384
0382 0386 0386
0384 0388 0388
0386 0390 0390
0388 0392 0392
0390 0394 0394
0392 0396 0396
0394 0398 0398
0396 0400 0400
0398 0402 0402
0400 0404 0404
0402 0406 0406
0404 0408 0408
0406 0410 0410
0408 0412 0412
0410 0414 0414
0412 0416 0416
0414 0418 0418
0416 0420 0420
0418 0422 0422
0420 0424 0424
0422 0426 0426
0424 0428 0428
0426 0430 0430
0428 0432 0432
0430 0434 0434
0432 0436 0436
0434 0438 0438
0436 0440 0440
0438 0442 0442
0440 0444 0444
0442 0446 0446
0444 0448 0448
0446 0450 0450
0448 0452 0452
0450 0454 0454
0452 0456 0456
0454 0458 0458
0456 0460 0460
0458 0462 0462
0460 0464 0464
0462 0466 0466
0464 0468 0468
0466 0470 0470
0468 0472 0472
0470 0474 0474
0472 0476 0476
0474 0478 0478
0476 0480 0480
0478 0482 0482
0480 0484 0484
0482 0486 0486
0484 0488 0488
0486 0490 0490
0488 0492 0492
0490 0494 0494
0492 0496 0496
0494 0496 0498
0496 0496 0500
0498 0498 0502
0500 0500 0504
0502 0502 0506
0504 0504 0508
0506 0506 0510
0508 0508 0512
0510 0510 0514
0512 0512 0516
0514 0514 0518
0516 0516 0520
0518 0518 0522
0520 0520 0524
0522 0522 0526
0524 0524 0528
0526 0526 0530
0528 0528 0532
0530 0530 0534
0532 0532 0536
0534 0534 0538
0536 0536 0540
0538 0538 0542
0540 0540 0544
0542 0542 0546
0544 0544 0548
0546 0546 0550
0548 0548 0552
0550 0550 0554
0552 0552 0556
0554 0554 0558
0556 0556 0560
0558 0558 0562
0560 0560 0564
0562 0562 0566
0564 0564 0568
0566 0566 0570
0568 0568 0572
0570 0570 0574
0572 0572 0576
0574 0574 0578
0576 0576 0580
0578 0578 0582
0580 0580 0584
0582 0582 0586
0584 0584 0588
0586 0586 0590
0588 0588 0592
0590 0590 0594
0592 0592 0596
0594 0594 0598
0596 0596 0600
0598 0598 0602
0600 0600 0604
0602 0602 0606
0604 0604 0608
0606 0606 0610
0608 0608 0612
0610 0610 0614
0612 0612 0616
0614 0614 0618
0616 0616 0620
0618 0618 0622
0620 0620 0624
0622 0622 0626
0624 0624 0628
0626 0626 0630
0628 0628 0632
0630 0630 0634
0632 0632 0636
0634 0634 0638
0636 0636 0640
0638 0638 0642
0640 0640 0644
0642 0642 0646
0644 0644 0648
0646 0646 0650
0648 0648 0652
0650 0650 0654
0652 0652 0656
0654 0654 0658
0656 0656 0660
0658 0658 0662
0660 0660 0664
0662 0662 0666
0664 0664 0668
0666 0666 0670
0668 0668 0672
0670 0670 0674
0672 0672 0676
0674 0674 0678
0676 0676 0680
0678 0678 0682
0680 0680 0684
0682 0682 0686
0684 0684 0688
0686 0686 0690
0688 0688 0692
0690 0690 0694
0692 0692 0696
0694 0694 0698
0696 0696 0700
0698 0698 0702
0700 0700 0704
0702 0702 0706
0704 0704 0708
0706 0706 0710
0708 0708 0712
0710 0710 0714
0712 0712 0716
0714 0714 0718
0716 0716 0720
0718 0718 0722
0720 0720 0724
0722 0722 0726
0724 0724 0728
0724 0726 0730
0724 0728 0732
0726 0730 0734
0728 0732 0736
0730 0734 0738
0732 0736 0740
0734 0738 0742
0736 0740 0744
0738 0742 0746
0740 0744 0748
0742 0746 0750
0744 0748 0752
0746 0750 0754
0748 0752 0756
0750 0754 0758
0752 0756 0760
0754 0758 0762
0756 0760 0764
0758 0762 0766
0760 0764 0768
0762 0766 0770
0764 0768 0772
0766 0770 0774
0768 0772 0776
0770 0774 0778
0772 0776 0780
0774 0778 0782
0776 0780 0784
0778 0782 0786
0780 0784 0788
0782 0786 0790
0784 0788 0792
0786 0790 0794
0788 0792 0796
0790 0794 0798
0792 0796 0800
0794 0798 0802
0796 0800 0804
0798 0802 0806
0800 0804 0808
0802 0806 0810
0804 0808 0812
0806 0810 0814
0808 0812 0816
0810 0814 0818
0812 0816 0820
0814 0818 0822
0816 0820 0824
0818 0822 0826
0820 0824 0828
0822 0826 0830
0824 0828 0832
0826 0830 0834
0828 0832 0836
0830 0834 0838
0832 0836 0840
0834 0838 0842
0836 0840 0844
0838 0842 0846
0840 0844 0848
0842 0846 0850
0844 0848 0852
0846 0850 0854
0848 0852 0856
0850 0854 0858
0852 0856 0860
0854 0858 0862
0856 0860 0864
0858 0862 0866
0860 0864 0868
0862 0866 0870
0864 0868 0872
0866 0870 0874
0868 0872 0876
0870 0874 0878
0872 0876 0880
0874 0878 0882
0876 0880 0884
0878 0882 0886
0880 0884 0888
0882 0886 0890
0884 0888 0892
0886 0890 0894
0888 0892 0896
0890 0894 0898
0892 0896 0900
0894 0898 0902
0896 0900 0904
0898 0902 0906
0900 0904 0908
0902 0906 0910
0904 0908 0912
0906 0910 0914
0908 0912 0916
0910 0914 0918
0912 0916 0920
0914 0918 0922
0916 0920 0924
0918 0922 0926
0920 0924 0928
0922 0926 0930
0924 0928 0932
0926 0930 0934
0928 0932 0936
0930 0934 0938
0932 0936 0940
0934 0938 0942
0936 0940 0944
0938 0942 0946
0940 0944 0948
0942 0946 0950
0944 0948 0952
0946 0950 0954
0948 0952 0956
0950 0954 0958
0952 0956 0960
0954 0958 0962
0956 0960 0964
0958 0962 0966
0960 0964 0968
0962 0966 0970
0964 0968 0972
0966 0970 0974
0968 0972 0976
0970 0974 0978
0972 0976 0980
0974 0978 0982
0976 0980 0984
0978 0982 0986
0980 0984 0988
0982 0986 0990
0984 0988 0992
0986 0990 0994
0988 0992 0996
0990 0994 0998
0992 0996 1000
0994 0998 1002
0996 1000 1004
0998 1002 1006
1000 1004 1008
1002 1006 1010
1004 1008 1012
1006 1010 1014
1008 1012 1016
1010 1014 1018
1012 1016 1020
1012 1016 1020
