0000 0000 0000
0002 0002 0002
0004 0004 0004
0006 0006 0006
0008 0008 0008
0010 0010 0010
0012 0012 0012
0014 0014 0014
0016 0016 0016
0018 0018 0018
0020 0020 0020
0022 0022 0022
0024 0024 0024
0026 0026 0026
0028 0028 0028
0030 0030 0030
0032 0032 0032
0034 0034 0032
0036 0036 0032
0038 0038 0034
0040 0040 0036
0042 0042 0038
0044 0044 0040
0046 0046 0042
0048 0048 0044
0050 0050 0046
0052 0052 0048
0054 0054 0050
0056 0056 0052
0058 0058 0054
0060 0060 0056
0062 0062 0058
0064 0064 0060
0066 0066 0062
0068 0068 0064
0070 0070 0066
0072 0072 0068
0074 0074 0070
0076 0076 0072
0078 0078 0074
0080 0080 0076
0082 0082 0078
0084 0084 0080
0086 0086 0082
0088 0088 0084
0090 0090 0086
0092 0092 0088
0094 0094 0090
0096 0096 0092
0098 0098 0094
0100 0100 0096
0102 0100 0096
0104 0100 0096
0106 0102 0098
0108 0104 0100
0110 0106 0102
0112 0108 0104
0114 0110 0106
0116 0112 0108
0118 0114 0110
0120 0116 0112
0122 0118 0114
0124 0120 0116
0126 0122 0118
0128 0124 0120
0130 0126 0122
0132 0128 0124
0134 0130 0126
0136 0132 0128
0138 0134 0130
0140 0136 0132
0142 0138 0134
0144 0140 0136
0146 0142 0138
0148 0144 0140
0150 0146 0142
0152 0148 0144
0154 0150 0146
0156 0152 0148
0158 0154 0150
0160 0156 0152
0162 0158 0154
0164 0160 0156
0166 0162 0158
0168 0164 0160
0170 0166 0160
0172 0168 0160
0174 0170 0162
0176 0172 0164
0178 0174 0166
0180 0176 0168
0182 0178 0170
0184 0180 0172
0186 0182 0174
0188 0184 0176
0190 0186 0178
0192 0188 0180
0194 0190 0182
0196 0192 0184
0198 0194 0186
0200 0196 0188
0202 0198 0190
0204 0200 0192
0206 0202 0194
0208 0204 0196
0210 0206 0198
0212 0208 0200
0214 0210 0202
0216 0212 0204
0218 0214 0206
0220 0216 0208
0222 0218 0210
0224 0220 0212
0226 0222 0214
0228 0224 0216
0230 0226 0218
0232 0228 0220
0234 0230 0222
0236 0232 0224
0238 0234 0224
0240 0236 0224
0242 0238 0226
0244 0240 0228
0246 0242 0230
0248 0244 0232
0250 0246 0234
0252 0248 0236
0254 0250 0238
0256 0252 0240
0258 0254 0242
0260 0256 0244
0262 0258 0246
0264 0260 0248
0266 0262 0250
0268 0264 0252
0270 0266 0254
0272 0268 0256
0274 0270 0258
0276 0272 0260
0278 0274 0262
0280 0276 0264
0282 0278 0266
0284 0280 0268
0286 0282 0270
0288 0284 0272
0290 0286 0274
0292 0288 0276
0294 0290 0278
0296 0292 0280
0298 0294 0282
0300 0296 0284
0302 0298 0286
0304 0300 0288
0306 0302 0288
0308 0304 0288
0310 0304 0290
0312 0304 0292
0314 0306 0294
0316 0308 0296
0318 0310 0298
0320 0312 0300
0322 0314 0302
0324 0316 0304
0326 0318 0306
0328 0320 0308
0330 0322 0310
0332 0324 0312
0334 0326 0314
0336 0328 0316
0338 0330 0318
0340 0332 0320
0342 0334 0322
0344 0336 0324
0346 0338 0326
0348 0340 0328
0350 0342 0330
0352 0344 0332
0354 0346 0334
0356 0348 0336
0358 0350 0338
0360 0352 0340
0362 0354 0342
0364 0356 0344
0366 0358 0346
0368 0360 0348
0370 0362 0350
0372 0364 0352
0374 0366 0352
0376 0368 0352
0378 0370 0354
0380 0372 0356
0382 0374 0358
0384 0376 0360
0386 0378 0362
0388 0380 0364
0390 0382 0366
0392 0384 0368
0394 0386 0370
0396 0388 0372
0398 0390 0374
0400 0392 0376
0402 0394 0378
0404 0396 0380
0406 0398 0382
0408 0400 0384
0410 0402 0386
0412 0404 0388
0414 0406 0390
0416 0408 0392
0418 0410 0394
0420 0412 0396
0422 0414 0398
0424 0416 0400
0426 0418 0402
0428 0420 0404
0430 0422 0406
0432 0424 0408
0434 0426 0410
0436 0428 0412
0438 0430 0412
0440 0432 0412
0442 0434 0414
0444 0436 0416
0446 0438 0418
0448 0440 0420
0450 0442 0422
0452 0444 0424
0454 0446 0426
0456 0448 0428
0458 0450 0430
0460 0452 0432
0462 0454 0434
0464 0456 0436
0466 0458 0438
0468 0460 0440
0470 0462 0442
0472 0464 0444
0474 0466 0446
0476 0468 0448
0478 0470 0450
0480 0472 0452
0482 0474 0454
0484 0476 0456
0486 0478 0458
0488 0480 0460
0490 0482 0462
0492 0484 0464
0494 0486 0466
0496 0488 0468
0498 0490 0470
0500 0492 0472
0502 0494 0474
0504 0496 0476
0506 0498 0476
0508 0500 0476
0510 0502 0478
0512 0504 0480
0514 0506 0482
0516 0508 0484
0518 0508 0486
0520 0508 0488
0522 0510 0490
0524 0512 0492
0526 0514 0494
0528 0516 0496
0530 0518 0498
0532 0520 0500
0534 0522 0502
0536 0524 0504
0538 0526 0506
0540 0528 0508
0542 0530 0510
0544 0532 0512
0546 0534 0514
0548 0536 0516
0550 0538 0518
0552 0540 0520
0554 0542 0522
0556 0544 0524
0558 0546 0526
0560 0548 0528
0562 0550 0530
0564 0552 0532
0566 0554 0534
0568 0556 0536
0570 0558 0538
0572 0560 0540
0574 0562 0540
0576 0564 0540
0578 0566 0542
0580 0568 0544
0582 0570 0546
0584 0572 0548
0586 0574 0550
0588 0576 0552
0590 0578 0554
0592 0580 0556
0594 0582 0558
0596 0584 0560
0598 0586 0562
0600 0588 0564
0602 0590 0566
0604 0592 0568
0606 0594 0570
0608 0596 0572
0610 0598 0574
0612 0600 0576
0614 0602 0578
0616 0604 0580
0618 0606 0582
0620 0608 0584
0622 0610 0586
0624 0612 0588
0626 0614 0590
0628 0616 0592
0630 0618 0594
0632 0620 0596
0634 0622 0598
0636 0624 0600
0638 0626 0602
0640 0628 0604
0642 0630 0604
0644 0632 0604
0646 0634 0606
0648 0636 0608
0650 0638 0610
0652 0640 0612
0654 0642 0614
0656 0644 0616
0658 0646 0618
0660 0648 0620
0662 0650 0622
0664 0652 0624
0666 0654 0626
0668 0656 0628
0670 0658 0630
0672 0660 0632
0674 0662 0634
0676 0664 0636
0678 0666 0638
0680 0668 0640
0682 0670 0642
0684 0672 0644
0686 0674 0646
0688 0676 0648
0690 0678 0650
0692 0680 0652
0694 0682 0654
0696 0684 0656
0698 0686 0658
0700 0688 0660
0702 0690 0662
0704 0692 0664
0706 0694 0666
0708 0696 0668
0710 0698 0668
0712 0700 0668
0714 0702 0670
0716 0704 0672
0718 0706 0674
0720 0708 0676
0722 0710 0678
0724 0712 0680
0726 0712 0682
0728 0712 0684
0730 0714 0686
0732 0716 0688
0734 0718 0690
0736 0720 0692
0738 0722 0694
0740 0724 0696
0742 0726 0698
0744 0728 0700
0746 0730 0702
0748 0732 0704
0750 0734 0706
0752 0736 0708
0754 0738 0710
0756 0740 0712
0758 0742 0714
0760 0744 0716
0762 0746 0718
0764 0748 0720
0766 0750 0722
0768 0752 0724
0770 0754 0726
0772 0756 0728
0774 0758 0730
0776 0760 0732
0778 0762 0732
0780 0764 0732
0782 0766 0734
0784 0768 0736
0786 0770 0738
0788 0772 0740
0790 0774 0742
0792 0776 0744
0794 0778 0746
0796 0780 0748
0798 0782 0750
0800 0784 0752
0802 0786 0754
0804 0788 0756
0806 0790 0758
0808 0792 0760
0810 0794 0762
0812 0796 0764
0814 0798 0766
0816 0800 0768
0818 0802 0770
0820 0804 0772
0822 0806 0774
0824 0808 0776
0826 0810 0778
0828 0812 0780
0830 0814 0782
0832 0816 0784
0834 0818 0786
0836 0820 0788
0838 0822 0790
0840 0824 0792
0842 0826 0794
0844 0828 0796
0846 0830 0796
0848 0832 0796
0850 0834 0798
0852 0836 0800
0854 0838 0802
0856 0840 0804
0858 0842 0806
0860 0844 0808
0862 0846 0810
0864 0848 0812
0866 0850 0814
0868 0852 0816
0870 0854 0818
0872 0856 0820
0874 0858 0822
0876 0860 0824
0878 0862 0826
0880 0864 0828
0882 0866 0830
0884 0868 0832
0886 0870 0834
0888 0872 0836
0890 0874 0838
0892 0876 0840
0894 0878 0842
0896 0880 0844
0898 0882 0846
0900 0884 0848
0902 0886 0850
0904 0888 0852
0906 0890 0854
0908 0892 0856
0910 0894 0858
0912 0896 0860
0914 0898 0860
0916 0900 0860
0918 0902 0862
0920 0904 0864
0922 0906 0866
0924 0908 0868
0926 0910 0870
0928 0912 0872
0930 0914 0874
0932 0916 0876
0934 0916 0878
0936 0916 0880
0938 0918 0882
0940 0920 0884
0942 0922 0886
0944 0924 0888
0946 0926 0890
0948 0928 0892
0950 0930 0894
0952 0932 0896
0954 0934 0898
0956 0936 0900
0958 0938 0902
0960 0940 0904
0962 0942 0906
0964 0944 0908
0966 0946 0910
0968 0948 0912
0970 0950 0914
0972 0952 0916
0974 0954 0918
0976 0956 0920
0978 0958 0922
0980 0960 0924
0982 0962 0924
0984 0964 0924
0986 0966 0926
0988 0968 0928
0990 0970 0930
0992 0972 0932
0994 0974 0934
0996 0976 0936
0998 0978 0938
1000 0980 0940
1002 0982 0942
1004 0984 0944
1006 0986 0946
1008 0988 0948
1010 0990 0950
1012 0992 0952
1014 0994 0954
1016 0996 0956
1018 0998 0958
1020 1000 0960
1020 1000 0960
