0000 0000 0000
0002 0002 0002
0004 0004 0004
0006 0006 0006
0008 0008 0008
0010 0010 0010
0012 0012 0012
0014 0014 0012
0016 0016 0012
0018 0018 0014
0020 0020 0016
0022 0022 0018
0024 0024 0020
0026 0026 0022
0028 0028 0024
0030 0030 0026
0032 0032 0028
0034 0034 0030
0036 0036 0032
0038 0038 0034
0040 0040 0036
0042 0042 0038
0044 0044 0040
0046 0046 0040
0048 0048 0040
0050 0050 0042
0052 0052 0044
0054 0054 0046
0056 0056 0048
0058 0058 0050
0060 0060 0052
0062 0062 0054
0064 0064 0056
0066 0066 0058
0068 0068 0060
0070 0070 0062
0072 0072 0064
0074 0074 0066
0076 0076 0068
0078 0078 0068
0080 0080 0068
0082 0080 0070
0084 0080 0072
0086 0082 0074
0088 0084 0076
0090 0086 0078
0092 0088 0080
0094 0090 0082
0096 0092 0084
0098 0094 0086
0100 0096 0088
0102 0098 0090
0104 0100 0092
0106 0102 0092
0108 0104 0092
0110 0106 0094
0112 0108 0096
0114 0110 0098
0116 0112 0100
0118 0114 0102
0120 0116 0104
0122 0118 0106
0124 0120 0108
0126 0122 0110
0128 0124 0112
0130 0126 0114
0132 0128 0116
0134 0130 0118
0136 0132 0120
0138 0134 0120
0140 0136 0120
0142 0138 0122
0144 0140 0124
0146 0142 0126
0148 0144 0128
0150 0146 0130
0152 0148 0132
0154 0150 0134
0156 0152 0136
0158 0154 0138
0160 0156 0140
0162 0158 0142
0164 0160 0144
0166 0162 0146
0168 0164 0148
0170 0166 0148
0172 0168 0148
0174 0170 0150
0176 0172 0152
0178 0174 0154
0180 0176 0156
0182 0178 0158
0184 0180 0160
0186 0182 0162
0188 0184 0164
0190 0186 0166
0192 0188 0168
0194 0190 0170
0196 0192 0172
0198 0194 0172
0200 0196 0172
0202 0198 0174
0204 0200 0176
0206 0202 0178
0208 0204 0180
0210 0206 0182
0212 0208 0184
0214 0210 0186
0216 0212 0188
0218 0214 0190
0220 0216 0192
0222 0218 0194
0224 0220 0196
0226 0222 0198
0228 0224 0200
0230 0226 0200
0232 0228 0200
0234 0230 0202
0236 0232 0204
0238 0234 0206
0240 0236 0208
0242 0236 0210
0244 0236 0212
0246 0238 0214
0248 0240 0216
0250 0242 0218
0252 0244 0220
0254 0246 0222
0256 0248 0224
0258 0250 0226
0260 0252 0228
0262 0254 0228
0264 0256 0228
0266 0258 0230
0268 0260 0232
0270 0262 0234
0272 0264 0236
0274 0266 0238
0276 0268 0240
0278 0270 0242
0280 0272 0244
0282 0274 0246
0284 0276 0248
0286 0278 0250
0288 0280 0252
0290 0282 0252
0292 0284 0252
0294 0286 0254
0296 0288 0256
0298 0290 0258
0300 0292 0260
0302 0294 0262
0304 0296 0264
0306 0298 0266
0308 0300 0268
0310 0302 0270
0312 0304 0272
0314 0306 0274
0316 0308 0276
0318 0310 0278
0320 0312 0280
0322 0314 0280
0324 0316 0280
0326 0318 0282
0328 0320 0284
0330 0322 0286
0332 0324 0288
0334 0326 0290
0336 0328 0292
0338 0330 0294
0340 0332 0296
0342 0334 0298
0344 0336 0300
0346 0338 0302
0348 0340 0304
0350 0342 0306
0352 0344 0308
0354 0346 0308
0356 0348 0308
0358 0350 0310
0360 0352 0312
0362 0354 0314
0364 0356 0316
0366 0358 0318
0368 0360 0320
0370 0362 0322
0372 0364 0324
0374 0366 0326
0376 0368 0328
0378 0370 0330
0380 0372 0332
0382 0374 0332
0384 0376 0332
0386 0378 0334
0388 0380 0336
0390 0382 0338
0392 0384 0340
0394 0386 0342
0396 0388 0344
0398 0390 0346
0400 0392 0348
0402 0392 0350
0404 0392 0352
0406 0394 0354
0408 0396 0356
0410 0398 0358
0412 0400 0360
0414 0402 0360
0416 0404 0360
0418 0406 0362
0420 0408 0364
0422 0410 0366
0424 0412 0368
0426 0414 0370
0428 0416 0372
0430 0418 0374
0432 0420 0376
0434 0422 0378
0436 0424 0380
0438 0426 0382
0440 0428 0384
0442 0430 0386
0444 0432 0388
0446 0434 0388
0448 0436 0388
0450 0438 0390
0452 0440 0392
0454 0442 0394
0456 0444 0396
0458 0446 0398
0460 0448 0400
0462 0450 0402
0464 0452 0404
0466 0454 0406
0468 0456 0408
0470 0458 0410
0472 0460 0412
0474 0462 0412
0476 0464 0412
0478 0466 0414
0480 0468 0416
0482 0470 0418
0484 0472 0420
0486 0474 0422
0488 0476 0424
0490 0478 0426
0492 0480 0428
0494 0482 0430
0496 0484 0432
0498 0486 0434
0500 0488 0436
0502 0490 0438
0504 0492 0440
0506 0494 0440
0508 0496 0440
0510 0498 0442
0512 0500 0444
0514 0502 0446
0516 0504 0448
0518 0506 0450
0520 0508 0452
0522 0510 0454
0524 0512 0456
0526 0514 0458
0528 0516 0460
0530 0518 0462
0532 0520 0464
0534 0522 0466
0536 0524 0468
0538 0526 0468
0540 0528 0468
0542 0530 0470
0544 0532 0472
0546 0534 0474
0548 0536 0476
0550 0538 0478
0552 0540 0480
0554 0542 0482
0556 0544 0484
0558 0546 0486
0560 0548 0488
0562 0548 0490
0564 0548 0492
0566 0550 0492
0568 0552 0492
0570 0554 0494
0572 0556 0496
0574 0558 0498
0576 0560 0500
0578 0562 0502
0580 0564 0504
0582 0566 0506
0584 0568 0508
0586 0570 0510
0588 0572 0512
0590 0574 0514
0592 0576 0516
0594 0578 0518
0596 0580 0520
0598 0582 0520
0600 0584 0520
0602 0586 0522
0604 0588 0524
0606 0590 0526
0608 0592 0528
0610 0594 0530
0612 0596 0532
0614 0598 0534
0616 0600 0536
0618 0602 0538
0620 0604 0540
0622 0606 0542
0624 0608 0544
0626 0610 0546
0628 0612 0548
0630 0614 0548
0632 0616 0548
0634 0618 0550
0636 0620 0552
0638 0622 0554
0640 0624 0556
0642 0626 0558
0644 0628 0560
0646 0630 0562
0648 0632 0564
0650 0634 0566
0652 0636 0568
0654 0638 0570
0656 0640 0572
0658 0642 0572
0660 0644 0572
0662 0646 0574
0664 0648 0576
0666 0650 0578
0668 0652 0580
0670 0654 0582
0672 0656 0584
0674 0658 0586
0676 0660 0588
0678 0662 0590
0680 0664 0592
0682 0666 0594
0684 0668 0596
0686 0670 0598
0688 0672 0600
0690 0674 0600
0692 0676 0600
0694 0678 0602
0696 0680 0604
0698 0682 0606
0700 0684 0608
0702 0686 0610
0704 0688 0612
0706 0690 0614
0708 0692 0616
0710 0694 0618
0712 0696 0620
0714 0698 0622
0716 0700 0624
0718 0702 0626
0720 0704 0628
0722 0704 0628
0724 0704 0628
0726 0706 0630
0728 0708 0632
0730 0710 0634
0732 0712 0636
0734 0714 0638
0736 0716 0640
0738 0718 0642
0740 0720 0644
0742 0722 0646
0744 0724 0648
0746 0726 0650
0748 0728 0652
0750 0730 0652
0752 0732 0652
0754 0734 0654
0756 0736 0656
0758 0738 0658
0760 0740 0660
0762 0742 0662
0764 0744 0664
0766 0746 0666
0768 0748 0668
0770 0750 0670
0772 0752 0672
0774 0754 0674
0776 0756 0676
0778 0758 0678
0780 0760 0680
0782 0762 0680
0784 0764 0680
0786 0766 0682
0788 0768 0684
0790 0770 0686
0792 0772 0688
0794 0774 0690
0796 0776 0692
0798 0778 0694
0800 0780 0696
0802 0782 0698
0804 0784 0700
0806 0786 0702
0808 0788 0704
0810 0790 0706
0812 0792 0708
0814 0794 0708
0816 0796 0708
0818 0798 0710
0820 0800 0712
0822 0802 0714
0824 0804 0716
0826 0806 0718
0828 0808 0720
0830 0810 0722
0832 0812 0724
0834 0814 0726
0836 0816 0728
0838 0818 0730
0840 0820 0732
0842 0822 0732
0844 0824 0732
0846 0826 0734
0848 0828 0736
0850 0830 0738
0852 0832 0740
0854 0834 0742
0856 0836 0744
0858 0838 0746
0860 0840 0748
0862 0842 0750
0864 0844 0752
0866 0846 0754
0868 0848 0756
0870 0850 0758
0872 0852 0760
0874 0854 0760
0876 0856 0760
0878 0858 0762
0880 0860 0764
0882 0860 0766
0884 0860 0768
0886 0862 0770
0888 0864 0772
0890 0866 0774
0892 0868 0776
0894 0870 0778
0896 0872 0780
0898 0874 0782
0900 0876 0784
0902 0878 0786
0904 0880 0788
0906 0882 0788
0908 0884 0788
0910 0886 0790
0912 0888 0792
0914 0890 0794
0916 0892 0796
0918 0894 0798
0920 0896 0800
0922 0898 0802
0924 0900 0804
0926 0902 0806
0928 0904 0808
0930 0906 0810
0932 0908 0812
0934 0910 0812
0936 0912 0812
0938 0914 0814
0940 0916 0816
0942 0918 0818
0944 0920 0820
0946 0922 0822
0948 0924 0824
0950 0926 0826
0952 0928 0828
0954 0930 0830
0956 0932 0832
0958 0934 0834
0960 0936 0836
0962 0938 0838
0964 0940 0840
0966 0942 0840
0968 0944 0840
0970 0946 0842
0972 0948 0844
0974 0950 0846
0976 0952 0848
0978 0954 0850
0980 0956 0852
0982 0958 0854
0984 0960 0856
0986 0962 0858
0988 0964 0860
0990 0966 0862
0992 0968 0864
0994 0970 0866
0996 0972 0868
0998 0974 0868
1000 0976 0868
1002 0978 0870
1004 0980 0872
1006 0982 0874
1008 0984 0876
1010 0986 0878
1012 0988 0880
1014 0990 0882
1016 0992 0884
1018 0994 0886
1020 0996 0888
1020 0996 0888
