0000 0000 0000
0002 0002 0002
0004 0004 0004
0006 0006 0006
0008 0008 0008
0010 0010 0008
0012 0012 0008
0014 0014 0010
0016 0016 0012
0018 0018 0014
0020 0020 0016
0022 0022 0018
0024 0024 0020
0026 0026 0022
0028 0028 0024
0030 0028 0024
0032 0028 0024
0034 0030 0026
0036 0032 0028
0038 0034 0030
0040 0036 0032
0042 0038 0034
0044 0040 0036
0046 0042 0038
0048 0044 0040
0050 0046 0040
0052 0048 0040
0054 0050 0042
0056 0052 0044
0058 0054 0046
0060 0056 0048
0062 0058 0050
0064 0060 0052
0066 0062 0052
0068 0064 0052
0070 0066 0054
0072 0068 0056
0074 0070 0058
0076 0072 0060
0078 0074 0062
0080 0076 0064
0082 0078 0066
0084 0080 0068
0086 0082 0068
0088 0084 0068
0090 0084 0070
0092 0084 0072
0094 0086 0074
0096 0088 0076
0098 0090 0078
0100 0092 0080
0102 0094 0082
0104 0096 0084
0106 0098 0084
0108 0100 0084
0110 0102 0086
0112 0104 0088
0114 0106 0090
0116 0108 0092
0118 0110 0094
0120 0112 0096
0122 0114 0098
0124 0116 0100
0126 0118 0100
0128 0120 0100
0130 0122 0102
0132 0124 0104
0134 0126 0106
0136 0128 0108
0138 0130 0110
0140 0132 0112
0142 0134 0114
0144 0136 0116
0146 0138 0116
0148 0140 0116
0150 0142 0118
0152 0144 0120
0154 0144 0122
0156 0144 0124
0158 0146 0126
0160 0148 0128
0162 0150 0130
0164 0152 0132
0166 0154 0132
0168 0156 0132
0170 0158 0134
0172 0160 0136
0174 0162 0138
0176 0164 0140
0178 0166 0142
0180 0168 0144
0182 0170 0144
0184 0172 0144
0186 0174 0146
0188 0176 0148
0190 0178 0150
0192 0180 0152
0194 0182 0154
0196 0184 0156
0198 0186 0158
0200 0188 0160
0202 0190 0160
0204 0192 0160
0206 0194 0162
0208 0196 0164
0210 0198 0166
0212 0200 0168
0214 0200 0170
0216 0200 0172
0218 0202 0174
0220 0204 0176
0222 0206 0176
0224 0208 0176
0226 0210 0178
0228 0212 0180
0230 0214 0182
0232 0216 0184
0234 0218 0186
0236 0220 0188
0238 0222 0190
0240 0224 0192
0242 0226 0192
0244 0228 0192
0246 0230 0194
0248 0232 0196
0250 0234 0198
0252 0236 0200
0254 0238 0202
0256 0240 0204
0258 0242 0206
0260 0244 0208
0262 0246 0208
0264 0248 0208
0266 0250 0210
0268 0252 0212
0270 0254 0214
0272 0256 0216
0274 0256 0218
0276 0256 0220
0278 0258 0222
0280 0260 0224
0282 0262 0224
0284 0264 0224
0286 0266 0226
0288 0268 0228
0290 0270 0230
0292 0272 0232
0294 0274 0234
0296 0276 0236
0298 0278 0236
0300 0280 0236
0302 0282 0238
0304 0284 0240
0306 0286 0242
0308 0288 0244
0310 0290 0246
0312 0292 0248
0314 0294 0250
0316 0296 0252
0318 0298 0252
0320 0300 0252
0322 0302 0254
0324 0304 0256
0326 0306 0258
0328 0308 0260
0330 0310 0262
0332 0312 0264
0334 0312 0266
0336 0312 0268
0338 0314 0268
0340 0316 0268
0342 0318 0270
0344 0320 0272
0346 0322 0274
0348 0324 0276
0350 0326 0278
0352 0328 0280
0354 0330 0282
0356 0332 0284
0358 0334 0284
0360 0336 0284
0362 0338 0286
0364 0340 0288
0366 0342 0290
0368 0344 0292
0370 0346 0294
0372 0348 0296
0374 0350 0298
0376 0352 0300
0378 0354 0300
0380 0356 0300
0382 0358 0302
0384 0360 0304
0386 0362 0306
0388 0364 0308
0390 0366 0310
0392 0368 0312
0394 0370 0314
0396 0372 0316
0398 0372 0316
0400 0372 0316
0402 0374 0318
0404 0376 0320
0406 0378 0322
0408 0380 0324
0410 0382 0326
0412 0384 0328
0414 0386 0330
0416 0388 0332
0418 0390 0332
0420 0392 0332
0422 0394 0334
0424 0396 0336
0426 0398 0338
0428 0400 0340
0430 0402 0342
0432 0404 0344
0434 0406 0344
0436 0408 0344
0438 0410 0346
0440 0412 0348
0442 0414 0350
0444 0416 0352
0446 0418 0354
0448 0420 0356
0450 0422 0358
0452 0424 0360
0454 0426 0360
0456 0428 0360
0458 0428 0362
0460 0428 0364
0462 0430 0366
0464 0432 0368
0466 0434 0370
0468 0436 0372
0470 0438 0374
0472 0440 0376
0474 0442 0376
0476 0444 0376
0478 0446 0378
0480 0448 0380
0482 0450 0382
0484 0452 0384
0486 0454 0386
0488 0456 0388
0490 0458 0390
0492 0460 0392
0494 0462 0392
0496 0464 0392
0498 0466 0394
0500 0468 0396
0502 0470 0398
0504 0472 0400
0506 0474 0402
0508 0476 0404
0510 0478 0406
0512 0480 0408
0514 0482 0408
0516 0484 0408
0518 0484 0410
0520 0484 0412
0522 0486 0414
0524 0488 0416
0526 0490 0418
0528 0492 0420
0530 0494 0422
0532 0496 0424
0534 0498 0424
0536 0500 0424
0538 0502 0426
0540 0504 0428
0542 0506 0430
0544 0508 0432
0546 0510 0434
0548 0512 0436
0550 0514 0436
0552 0516 0436
0554 0518 0438
0556 0520 0440
0558 0522 0442
0560 0524 0444
0562 0526 0446
0564 0528 0448
0566 0530 0450
0568 0532 0452
0570 0534 0452
0572 0536 0452
0574 0538 0454
0576 0540 0456
0578 0542 0458
0580 0544 0460
0582 0544 0462
0584 0544 0464
0586 0546 0466
0588 0548 0468
0590 0550 0468
0592 0552 0468
0594 0554 0470
0596 0556 0472
0598 0558 0474
0600 0560 0476
0602 0562 0478
0604 0564 0480
0606 0566 0482
0608 0568 0484
0610 0570 0484
0612 0572 0484
0614 0574 0486
0616 0576 0488
0618 0578 0490
0620 0580 0492
0622 0582 0494
0624 0584 0496
0626 0586 0498
0628 0588 0500
0630 0590 0500
0632 0592 0500
0634 0594 0502
0636 0596 0504
0638 0598 0506
0640 0600 0508
0642 0600 0510
0644 0600 0512
0646 0602 0514
0648 0604 0516
0650 0606 0516
0652 0608 0516
0654 0610 0518
0656 0612 0520
0658 0614 0522
0660 0616 0524
0662 0618 0526
0664 0620 0528
0666 0622 0528
0668 0624 0528
0670 0626 0530
0672 0628 0532
0674 0630 0534
0676 0632 0536
0678 0634 0538
0680 0636 0540
0682 0638 0542
0684 0640 0544
0686 0642 0544
0688 0644 0544
0690 0646 0546
0692 0648 0548
0694 0650 0550
0696 0652 0552
0698 0654 0554
0700 0656 0556
0702 0656 0558
0704 0656 0560
0706 0658 0560
0708 0660 0560
0710 0662 0562
0712 0664 0564
0714 0666 0566
0716 0668 0568
0718 0670 0570
0720 0672 0572
0722 0674 0574
0724 0676 0576
0726 0678 0576
0728 0680 0576
0730 0682 0578
0732 0684 0580
0734 0686 0582
0736 0688 0584
0738 0690 0586
0740 0692 0588
0742 0694 0590
0744 0696 0592
0746 0698 0592
0748 0700 0592
0750 0702 0594
0752 0704 0596
0754 0706 0598
0756 0708 0600
0758 0710 0602
0760 0712 0604
0762 0712 0606
0764 0712 0608
0766 0714 0608
0768 0716 0608
0770 0718 0610
0772 0720 0612
0774 0722 0614
0776 0724 0616
0778 0726 0618
0780 0728 0620
0782 0730 0620
0784 0732 0620
0786 0734 0622
0788 0736 0624
0790 0738 0626
0792 0740 0628
0794 0742 0630
0796 0744 0632
0798 0746 0634
0800 0748 0636
0802 0750 0636
0804 0752 0636
0806 0754 0638
0808 0756 0640
0810 0758 0642
0812 0760 0644
0814 0762 0646
0816 0764 0648
0818 0766 0650
0820 0768 0652
0822 0770 0652
0824 0772 0652
0826 0772 0654
0828 0772 0656
0830 0774 0658
0832 0776 0660
0834 0778 0662
0836 0780 0664
0838 0782 0666
0840 0784 0668
0842 0786 0668
0844 0788 0668
0846 0790 0670
0848 0792 0672
0850 0794 0674
0852 0796 0676
0854 0798 0678
0856 0800 0680
0858 0802 0682
0860 0804 0684
0862 0806 0684
0864 0808 0684
0866 0810 0686
0868 0812 0688
0870 0814 0690
0872 0816 0692
0874 0818 0694
0876 0820 0696
0878 0822 0698
0880 0824 0700
0882 0826 0700
0884 0828 0700
0886 0828 0702
0888 0828 0704
0890 0830 0706
0892 0832 0708
0894 0834 0710
0896 0836 0712
0898 0838 0712
0900 0840 0712
0902 0842 0714
0904 0844 0716
0906 0846 0718
0908 0848 0720
0910 0850 0722
0912 0852 0724
0914 0854 0726
0916 0856 0728
0918 0858 0728
0920 0860 0728
0922 0862 0730
0924 0864 0732
0926 0866 0734
0928 0868 0736
0930 0870 0738
0932 0872 0740
0934 0874 0742
0936 0876 0744
0938 0878 0744
0940 0880 0744
0942 0882 0746
0944 0884 0748
0946 0884 0750
0948 0884 0752
0950 0886 0754
0952 0888 0756
0954 0890 0758
0956 0892 0760
0958 0894 0760
0960 0896 0760
0962 0898 0762
0964 0900 0764
0966 0902 0766
0968 0904 0768
0970 0906 0770
0972 0908 0772
0974 0910 0774
0976 0912 0776
0978 0914 0776
0980 0916 0776
0982 0918 0778
0984 0920 0780
0986 0922 0782
0988 0924 0784
0990 0926 0786
0992 0928 0788
0994 0930 0790
0996 0932 0792
0998 0934 0792
1000 0936 0792
1002 0938 0794
1004 0940 0796
1006 0940 0798
1008 0940 0800
1010 0942 0802
1012 0944 0804
1014 0946 0804
1016 0948 0804
1018 0950 0806
1020 0952 0808
1020 0952 0808
