0000 0000 0000
0002 0002 0002
0004 0004 0004
0006 0006 0006
0008 0008 0008
0010 0010 0010
0012 0012 0012
0014 0014 0014
0016 0016 0016
0018 0018 0018
0020 0020 0020
0022 0022 0022
0024 0024 0024
0026 0026 0026
0028 0028 0028
0030 0030 0030
0032 0032 0032
0034 0034 0034
0036 0036 0036
0038 0038 0038
0040 0040 0040
0042 0042 0042
0044 0044 0044
0046 0046 0046
0048 0048 0048
0050 0050 0048
0052 0052 0048
0054 0054 0050
0056 0056 0052
0058 0058 0054
0060 0060 0056
0062 0062 0058
0064 0064 0060
0066 0066 0062
0068 0068 0064
0070 0070 0066
0072 0072 0068
0074 0074 0070
0076 0076 0072
0078 0078 0074
0080 0080 0076
0082 0082 0078
0084 0084 0080
0086 0086 0082
0088 0088 0084
0090 0090 0086
0092 0092 0088
0094 0094 0090
0096 0096 0092
0098 0098 0094
0100 0100 0096
0102 0102 0098
0104 0104 0100
0106 0106 0102
0108 0108 0104
0110 0110 0106
0112 0112 0108
0114 0114 0110
0116 0116 0112
0118 0118 0114
0120 0120 0116
0122 0122 0118
0124 0124 0120
0126 0126 0122
0128 0128 0124
0130 0130 0126
0132 0132 0128
0134 0134 0130
0136 0136 0132
0138 0138 0134
0140 0140 0136
0142 0142 0138
0144 0144 0140
0146 0146 0142
0148 0148 0144
0150 0150 0146
0152 0152 0148
0154 0152 0148
0156 0152 0148
0158 0154 0150
0160 0156 0152
0162 0158 0154
0164 0160 0156
0166 0162 0158
0168 0164 0160
0170 0166 0162
0172 0168 0164
0174 0170 0166
0176 0172 0168
0178 0174 0170
0180 0176 0172
0182 0178 0174
0184 0180 0176
0186 0182 0178
0188 0184 0180
0190 0186 0182
0192 0188 0184
0194 0190 0186
0196 0192 0188
0198 0194 0190
0200 0196 0192
0202 0198 0194
0204 0200 0196
0206 0202 0198
0208 0204 0200
0210 0206 0202
0212 0208 0204
0214 0210 0206
0216 0212 0208
0218 0214 0210
0220 0216 0212
0222 0218 0214
0224 0220 0216
0226 0222 0218
0228 0224 0220
0230 0226 0222
0232 0228 0224
0234 0230 0226
0236 0232 0228
0238 0234 0230
0240 0236 0232
0242 0238 0234
0244 0240 0236
0246 0242 0238
0248 0244 0240
0250 0246 0242
0252 0248 0244
0254 0250 0244
0256 0252 0244
0258 0254 0246
0260 0256 0248
0262 0258 0250
0264 0260 0252
0266 0262 0254
0268 0264 0256
0270 0266 0258
0272 0268 0260
0274 0270 0262
0276 0272 0264
0278 0274 0266
0280 0276 0268
0282 0278 0270
0284 0280 0272
0286 0282 0274
0288 0284 0276
0290 0286 0278
0292 0288 0280
0294 0290 0282
0296 0292 0284
0298 0294 0286
0300 0296 0288
0302 0298 0290
0304 0300 0292
0306 0302 0294
0308 0304 0296
0310 0306 0298
0312 0308 0300
0314 0310 0302
0316 0312 0304
0318 0314 0306
0320 0316 0308
0322 0318 0310
0324 0320 0312
0326 0322 0314
0328 0324 0316
0330 0326 0318
0332 0328 0320
0334 0330 0322
0336 0332 0324
0338 0334 0326
0340 0336 0328
0342 0338 0330
0344 0340 0332
0346 0342 0334
0348 0344 0336
0350 0346 0338
0352 0348 0340
0354 0350 0340
0356 0352 0340
0358 0354 0342
0360 0356 0344
0362 0358 0346
0364 0360 0348
0366 0362 0350
0368 0364 0352
0370 0366 0354
0372 0368 0356
0374 0370 0358
0376 0372 0360
0378 0374 0362
0380 0376 0364
0382 0378 0366
0384 0380 0368
0386 0382 0370
0388 0384 0372
0390 0386 0374
0392 0388 0376
0394 0390 0378
0396 0392 0380
0398 0394 0382
0400 0396 0384
0402 0398 0386
0404 0400 0388
0406 0402 0390
0408 0404 0392
0410 0406 0394
0412 0408 0396
0414 0410 0398
0416 0412 0400
0418 0414 0402
0420 0416 0404
0422 0418 0406
0424 0420 0408
0426 0422 0410
0428 0424 0412
0430 0426 0414
0432 0428 0416
0434 0430 0418
0436 0432 0420
0438 0434 0422
0440 0436 0424
0442 0438 0426
0444 0440 0428
0446 0442 0430
0448 0444 0432
0450 0446 0434
0452 0448 0436
0454 0450 0438
0456 0452 0440
0458 0454 0440
0460 0456 0440
0462 0458 0442
0464 0460 0444
0466 0460 0446
0468 0460 0448
0470 0462 0450
0472 0464 0452
0474 0466 0454
0476 0468 0456
0478 0470 0458
0480 0472 0460
0482 0474 0462
0484 0476 0464
0486 0478 0466
0488 0480 0468
0490 0482 0470
0492 0484 0472
0494 0486 0474
0496 0488 0476
0498 0490 0478
0500 0492 0480
0502 0494 0482
0504 0496 0484
0506 0498 0486
0508 0500 0488
0510 0502 0490
0512 0504 0492
0514 0506 0494
0516 0508 0496
0518 0510 0498
0520 0512 0500
0522 0514 0502
0524 0516 0504
0526 0518 0506
0528 0520 0508
0530 0522 0510
0532 0524 0512
0534 0526 0514
0536 0528 0516
0538 0530 0518
0540 0532 0520
0542 0534 0522
0544 0536 0524
0546 0538 0526
0548 0540 0528
0550 0542 0530
0552 0544 0532
0554 0546 0534
0556 0548 0536
0558 0550 0536
0560 0552 0536
0562 0554 0538
0564 0556 0540
0566 0558 0542
0568 0560 0544
0570 0562 0546
0572 0564 0548
0574 0566 0550
0576 0568 0552
0578 0570 0554
0580 0572 0556
0582 0574 0558
0584 0576 0560
0586 0578 0562
0588 0580 0564
0590 0582 0566
0592 0584 0568
0594 0586 0570
0596 0588 0572
0598 0590 0574
0600 0592 0576
0602 0594 0578
0604 0596 0580
0606 0598 0582
0608 0600 0584
0610 0602 0586
0612 0604 0588
0614 0606 0590
0616 0608 0592
0618 0610 0594
0620 0612 0596
0622 0614 0598
0624 0616 0600
0626 0618 0602
0628 0620 0604
0630 0622 0606
0632 0624 0608
0634 0626 0610
0636 0628 0612
0638 0630 0614
0640 0632 0616
0642 0634 0618
0644 0636 0620
0646 0638 0622
0648 0640 0624
0650 0642 0626
0652 0644 0628
0654 0646 0630
0656 0648 0632
0658 0650 0632
0660 0652 0632
0662 0654 0634
0664 0656 0636
0666 0658 0638
0668 0660 0640
0670 0662 0642
0672 0664 0644
0674 0666 0646
0676 0668 0648
0678 0670 0650
0680 0672 0652
0682 0674 0654
0684 0676 0656
0686 0678 0658
0688 0680 0660
0690 0682 0662
0692 0684 0664
0694 0686 0666
0696 0688 0668
0698 0690 0670
0700 0692 0672
0702 0694 0674
0704 0696 0676
0706 0698 0678
0708 0700 0680
0710 0702 0682
0712 0704 0684
0714 0706 0686
0716 0708 0688
0718 0710 0690
0720 0712 0692
0722 0714 0694
0724 0716 0696
0726 0718 0698
0728 0720 0700
0730 0722 0702
0732 0724 0704
0734 0726 0706
0736 0728 0708
0738 0730 0710
0740 0732 0712
0742 0734 0714
0744 0736 0716
0746 0738 0718
0748 0740 0720
0750 0742 0722
0752 0744 0724
0754 0746 0726
0756 0748 0728
0758 0750 0730
0760 0752 0732
0762 0754 0732
0764 0756 0732
0766 0758 0734
0768 0760 0736
0770 0762 0738
0772 0764 0740
0774 0766 0742
0776 0768 0744
0778 0768 0746
0780 0768 0748
0782 0770 0750
0784 0772 0752
0786 0774 0754
0788 0776 0756
0790 0778 0758
0792 0780 0760
0794 0782 0762
0796 0784 0764
0798 0786 0766
0800 0788 0768
0802 0790 0770
0804 0792 0772
0806 0794 0774
0808 0796 0776
0810 0798 0778
0812 0800 0780
0814 0802 0782
0816 0804 0784
0818 0806 0786
0820 0808 0788
0822 0810 0790
0824 0812 0792
0826 0814 0794
0828 0816 0796
0830 0818 0798
0832 0820 0800
0834 0822 0802
0836 0824 0804
0838 0826 0806
0840 0828 0808
0842 0830 0810
0844 0832 0812
0846 0834 0814
0848 0836 0816
0850 0838 0818
0852 0840 0820
0854 0842 0822
0856 0844 0824
0858 0846 0826
0860 0848 0828
0862 0850 0828
0864 0852 0828
0866 0854 0830
0868 0856 0832
0870 0858 0834
0872 0860 0836
0874 0862 0838
0876 0864 0840
0878 0866 0842
0880 0868 0844
0882 0870 0846
0884 0872 0848
0886 0874 0850
0888 0876 0852
0890 0878 0854
0892 0880 0856
0894 0882 0858
0896 0884 0860
0898 0886 0862
0900 0888 0864
0902 0890 0866
0904 0892 0868
0906 0894 0870
0908 0896 0872
0910 0898 0874
0912 0900 0876
0914 0902 0878
0916 0904 0880
0918 0906 0882
0920 0908 0884
0922 0910 0886
0924 0912 0888
0926 0914 0890
0928 0916 0892
0930 0918 0894
0932 0920 0896
0934 0922 0898
0936 0924 0900
0938 0926 0902
0940 0928 0904
0942 0930 0906
0944 0932 0908
0946 0934 0910
0948 0936 0912
0950 0938 0914
0952 0940 0916
0954 0942 0918
0956 0944 0920
0958 0946 0922
0960 0948 0924
0962 0950 0926
0964 0952 0928
0966 0954 0928
0968 0956 0928
0970 0958 0930
0972 0960 0932
0974 0962 0934
0976 0964 0936
0978 0966 0938
0980 0968 0940
0982 0970 0942
0984 0972 0944
0986 0974 0946
0988 0976 0948
0990 0978 0950
0992 0980 0952
0994 0982 0954
0996 0984 0956
0998 0986 0958
1000 0988 0960
1002 0990 0962
1004 0992 0964
1006 0994 0966
1008 0996 0968
1010 0998 0970
1012 1000 0972
1014 1002 0974
1016 1004 0976
1018 1006 0978
1020 1008 0980
1020 1008 0980
