0000 0000 0000
0002 0002 0002
0004 0004 0004
0006 0006 0006
0008 0008 0008
0010 0010 0010
0012 0012 0012
0014 0014 0014
0016 0016 0016
0018 0018 0016
0020 0020 0016
0022 0022 0018
0024 0024 0020
0026 0026 0022
0028 0028 0024
0030 0030 0026
0032 0032 0028
0034 0034 0030
0036 0036 0032
0038 0038 0034
0040 0040 0036
0042 0042 0038
0044 0044 0040
0046 0046 0042
0048 0048 0044
0050 0050 0046
0052 0052 0048
0054 0054 0050
0056 0056 0052
0058 0058 0052
0060 0060 0052
0062 0062 0054
0064 0064 0056
0066 0066 0058
0068 0068 0060
0070 0070 0062
0072 0072 0064
0074 0074 0066
0076 0076 0068
0078 0078 0070
0080 0080 0072
0082 0082 0074
0084 0084 0076
0086 0086 0078
0088 0088 0080
0090 0090 0082
0092 0092 0084
0094 0094 0084
0096 0096 0084
0098 0098 0086
0100 0100 0088
0102 0102 0090
0104 0104 0092
0106 0106 0094
0108 0108 0096
0110 0110 0098
0112 0112 0100
0114 0114 0102
0116 0116 0104
0118 0118 0106
0120 0120 0108
0122 0122 0110
0124 0124 0112
0126 0126 0114
0128 0128 0116
0130 0130 0118
0132 0132 0120
0134 0134 0120
0136 0136 0120
0138 0138 0122
0140 0140 0124
0142 0142 0126
0144 0144 0128
0146 0146 0130
0148 0148 0132
0150 0150 0134
0152 0152 0136
0154 0154 0138
0156 0156 0140
0158 0158 0142
0160 0160 0144
0162 0162 0146
0164 0164 0148
0166 0166 0150
0168 0168 0152
0170 0170 0152
0172 0172 0152
0174 0172 0154
0176 0172 0156
0178 0174 0158
0180 0176 0160
0182 0178 0162
0184 0180 0164
0186 0182 0166
0188 0184 0168
0190 0186 0170
0192 0188 0172
0194 0190 0174
0196 0192 0176
0198 0194 0178
0200 0196 0180
0202 0198 0182
0204 0200 0184
0206 0202 0186
0208 0204 0188
0210 0206 0188
0212 0208 0188
0214 0210 0190
0216 0212 0192
0218 0214 0194
0220 0216 0196
0222 0218 0198
0224 0220 0200
0226 0222 0202
0228 0224 0204
0230 0226 0206
0232 0228 0208
0234 0230 0210
0236 0232 0212
0238 0234 0214
0240 0236 0216
0242 0238 0218
0244 0240 0220
0246 0242 0220
0248 0244 0220
0250 0246 0222
0252 0248 0224
0254 0250 0226
0256 0252 0228
0258 0254 0230
0260 0256 0232
0262 0258 0234
0264 0260 0236
0266 0262 0238
0268 0264 0240
0270 0266 0242
0272 0268 0244
0274 0270 0246
0276 0272 0248
0278 0274 0250
0280 0276 0252
0282 0278 0254
0284 0280 0256
0286 0282 0256
0288 0284 0256
0290 0286 0258
0292 0288 0260
0294 0290 0262
0296 0292 0264
0298 0294 0266
0300 0296 0268
0302 0298 0270
0304 0300 0272
0306 0302 0274
0308 0304 0276
0310 0306 0278
0312 0308 0280
0314 0310 0282
0316 0312 0284
0318 0314 0286
0320 0316 0288
0322 0318 0288
0324 0320 0288
0326 0322 0290
0328 0324 0292
0330 0326 0294
0332 0328 0296
0334 0330 0298
0336 0332 0300
0338 0334 0302
0340 0336 0304
0342 0338 0306
0344 0340 0308
0346 0342 0310
0348 0344 0312
0350 0346 0314
0352 0348 0316
0354 0350 0318
0356 0352 0320
0358 0354 0322
0360 0356 0324
0362 0358 0324
0364 0360 0324
0366 0362 0326
0368 0364 0328
0370 0366 0330
0372 0368 0332
0374 0370 0334
0376 0372 0336
0378 0374 0338
0380 0376 0340
0382 0378 0342
0384 0380 0344
0386 0382 0346
0388 0384 0348
0390 0386 0350
0392 0388 0352
0394 0390 0354
0396 0392 0356
0398 0394 0356
0400 0396 0356
0402 0398 0358
0404 0400 0360
0406 0402 0362
0408 0404 0364
0410 0406 0366
0412 0408 0368
0414 0410 0370
0416 0412 0372
0418 0414 0374
0420 0416 0376
0422 0418 0378
0424 0420 0380
0426 0422 0382
0428 0424 0384
0430 0426 0386
0432 0428 0388
0434 0430 0390
0436 0432 0392
0438 0434 0392
0440 0436 0392
0442 0438 0394
0444 0440 0396
0446 0442 0398
0448 0444 0400
0450 0446 0402
0452 0448 0404
0454 0450 0406
0456 0452 0408
0458 0454 0410
0460 0456 0412
0462 0458 0414
0464 0460 0416
0466 0462 0418
0468 0464 0420
0470 0466 0422
0472 0468 0424
0474 0470 0424
0476 0472 0424
0478 0474 0426
0480 0476 0428
0482 0478 0430
0484 0480 0432
0486 0482 0434
0488 0484 0436
0490 0486 0438
0492 0488 0440
0494 0490 0442
0496 0492 0444
0498 0494 0446
0500 0496 0448
0502 0498 0450
0504 0500 0452
0506 0502 0454
0508 0504 0456
0510 0506 0458
0512 0508 0460
0514 0510 0460
0516 0512 0460
0518 0514 0462
0520 0516 0464
0522 0518 0466
0524 0520 0468
0526 0520 0470
0528 0520 0472
0530 0522 0474
0532 0524 0476
0534 0526 0478
0536 0528 0480
0538 0530 0482
0540 0532 0484
0542 0534 0486
0544 0536 0488
0546 0538 0490
0548 0540 0492
0550 0542 0494
0552 0544 0496
0554 0546 0496
0556 0548 0496
0558 0550 0498
0560 0552 0500
0562 0554 0502
0564 0556 0504
0566 0558 0506
0568 0560 0508
0570 0562 0510
0572 0564 0512
0574 0566 0514
0576 0568 0516
0578 0570 0518
0580 0572 0520
0582 0574 0522
0584 0576 0524
0586 0578 0526
0588 0580 0528
0590 0582 0528
0592 0584 0528
0594 0586 0530
0596 0588 0532
0598 0590 0534
0600 0592 0536
0602 0594 0538
0604 0596 0540
0606 0598 0542
0608 0600 0544
0610 0602 0546
0612 0604 0548
0614 0606 0550
0616 0608 0552
0618 0610 0554
0620 0612 0556
0622 0614 0558
0624 0616 0560
0626 0618 0562
0628 0620 0564
0630 0622 0564
0632 0624 0564
0634 0626 0566
0636 0628 0568
0638 0630 0570
0640 0632 0572
0642 0634 0574
0644 0636 0576
0646 0638 0578
0648 0640 0580
0650 0642 0582
0652 0644 0584
0654 0646 0586
0656 0648 0588
0658 0650 0590
0660 0652 0592
0662 0654 0594
0664 0656 0596
0666 0658 0596
0668 0660 0596
0670 0662 0598
0672 0664 0600
0674 0666 0602
0676 0668 0604
0678 0670 0606
0680 0672 0608
0682 0674 0610
0684 0676 0612
0686 0678 0614
0688 0680 0616
0690 0682 0618
0692 0684 0620
0694 0686 0622
0696 0688 0624
0698 0690 0626
0700 0692 0628
0702 0694 0630
0704 0696 0632
0706 0698 0632
0708 0700 0632
0710 0702 0634
0712 0704 0636
0714 0706 0638
0716 0708 0640
0718 0710 0642
0720 0712 0644
0722 0714 0646
0724 0716 0648
0726 0718 0650
0728 0720 0652
0730 0722 0654
0732 0724 0656
0734 0726 0658
0736 0728 0660
0738 0730 0662
0740 0732 0664
0742 0734 0664
0744 0736 0664
0746 0738 0666
0748 0740 0668
0750 0742 0670
0752 0744 0672
0754 0746 0674
0756 0748 0676
0758 0750 0678
0760 0752 0680
0762 0754 0682
0764 0756 0684
0766 0758 0686
0768 0760 0688
0770 0762 0690
0772 0764 0692
0774 0766 0694
0776 0768 0696
0778 0770 0698
0780 0772 0700
0782 0774 0700
0784 0776 0700
0786 0778 0702
0788 0780 0704
0790 0782 0706
0792 0784 0708
0794 0786 0710
0796 0788 0712
0798 0790 0714
0800 0792 0716
0802 0794 0718
0804 0796 0720
0806 0798 0722
0808 0800 0724
0810 0802 0726
0812 0804 0728
0814 0806 0730
0816 0808 0732
0818 0810 0732
0820 0812 0732
0822 0814 0734
0824 0816 0736
0826 0818 0738
0828 0820 0740
0830 0822 0742
0832 0824 0744
0834 0826 0746
0836 0828 0748
0838 0830 0750
0840 0832 0752
0842 0834 0754
0844 0836 0756
0846 0838 0758
0848 0840 0760
0850 0842 0762
0852 0844 0764
0854 0846 0766
0856 0848 0768
0858 0850 0768
0860 0852 0768
0862 0854 0770
0864 0856 0772
0866 0858 0774
0868 0860 0776
0870 0862 0778
0872 0864 0780
0874 0866 0782
0876 0868 0784
0878 0868 0786
0880 0868 0788
0882 0870 0790
0884 0872 0792
0886 0874 0794
0888 0876 0796
0890 0878 0798
0892 0880 0800
0894 0882 0800
0896 0884 0800
0898 0886 0802
0900 0888 0804
0902 0890 0806
0904 0892 0808
0906 0894 0810
0908 0896 0812
0910 0898 0814
0912 0900 0816
0914 0902 0818
0916 0904 0820
0918 0906 0822
0920 0908 0824
0922 0910 0826
0924 0912 0828
0926 0914 0830
0928 0916 0832
0930 0918 0834
0932 0920 0836
0934 0922 0836
0936 0924 0836
0938 0926 0838
0940 0928 0840
0942 0930 0842
0944 0932 0844
0946 0934 0846
0948 0936 0848
0950 0938 0850
0952 0940 0852
0954 0942 0854
0956 0944 0856
0958 0946 0858
0960 0948 0860
0962 0950 0862
0964 0952 0864
0966 0954 0866
0968 0956 0868
0970 0958 0868
0972 0960 0868
0974 0962 0870
0976 0964 0872
0978 0966 0874
0980 0968 0876
0982 0970 0878
0984 0972 0880
0986 0974 0882
0988 0976 0884
0990 0978 0886
0992 0980 0888
0994 0982 0890
0996 0984 0892
0998 0986 0894
1000 0988 0896
1002 0990 0898
1004 0992 0900
1006 0994 0902
1008 0996 0904
1010 0998 0904
1012 1000 0904
1014 1002 0906
1016 1004 0908
1018 1006 0910
1020 1008 0912
1020 1008 0912
