0000 0000 0000
0002 0002 0002
0004 0004 0004
0006 0006 0006
0008 0008 0008
0010 0010 0008
0012 0012 0008
0014 0014 0010
0016 0016 0012
0018 0018 0014
0020 0020 0016
0022 0022 0018
0024 0024 0020
0026 0026 0022
0028 0028 0024
0030 0030 0026
0032 0032 0028
0034 0034 0028
0036 0036 0028
0038 0036 0030
0040 0036 0032
0042 0038 0034
0044 0040 0036
0046 0042 0038
0048 0044 0040
0050 0046 0042
0052 0048 0044
0054 0050 0044
0056 0052 0044
0058 0054 0046
0060 0056 0048
0062 0058 0050
0064 0060 0052
0066 0062 0054
0068 0064 0056
0070 0066 0058
0072 0068 0060
0074 0070 0062
0076 0072 0064
0078 0074 0064
0080 0076 0064
0082 0078 0066
0084 0080 0068
0086 0082 0070
0088 0084 0072
0090 0086 0074
0092 0088 0076
0094 0090 0078
0096 0092 0080
0098 0094 0080
0100 0096 0080
0102 0098 0082
0104 0100 0084
0106 0102 0086
0108 0104 0088
0110 0106 0090
0112 0108 0092
0114 0108 0094
0116 0108 0096
0118 0110 0098
0120 0112 0100
0122 0114 0100
0124 0116 0100
0126 0118 0102
0128 0120 0104
0130 0122 0106
0132 0124 0108
0134 0126 0110
0136 0128 0112
0138 0130 0114
0140 0132 0116
0142 0134 0116
0144 0136 0116
0146 0138 0118
0148 0140 0120
0150 0142 0122
0152 0144 0124
0154 0146 0126
0156 0148 0128
0158 0150 0130
0160 0152 0132
0162 0154 0134
0164 0156 0136
0166 0158 0136
0168 0160 0136
0170 0162 0138
0172 0164 0140
0174 0166 0142
0176 0168 0144
0178 0170 0146
0180 0172 0148
0182 0174 0150
0184 0176 0152
0186 0178 0152
0188 0180 0152
0190 0182 0154
0192 0184 0156
0194 0184 0158
0196 0184 0160
0198 0186 0162
0200 0188 0164
0202 0190 0166
0204 0192 0168
0206 0194 0170
0208 0196 0172
0210 0198 0172
0212 0200 0172
0214 0202 0174
0216 0204 0176
0218 0206 0178
0220 0208 0180
0222 0210 0182
0224 0212 0184
0226 0214 0186
0228 0216 0188
0230 0218 0188
0232 0220 0188
0234 0222 0190
0236 0224 0192
0238 0226 0194
0240 0228 0196
0242 0230 0198
0244 0232 0200
0246 0234 0202
0248 0236 0204
0250 0238 0206
0252 0240 0208
0254 0242 0208
0256 0244 0208
0258 0246 0210
0260 0248 0212
0262 0250 0214
0264 0252 0216
0266 0254 0218
0268 0256 0220
0270 0256 0222
0272 0256 0224
0274 0258 0224
0276 0260 0224
0278 0262 0226
0280 0264 0228
0282 0266 0230
0284 0268 0232
0286 0270 0234
0288 0272 0236
0290 0274 0238
0292 0276 0240
0294 0278 0242
0296 0280 0244
0298 0282 0244
0300 0284 0244
0302 0286 0246
0304 0288 0248
0306 0290 0250
0308 0292 0252
0310 0294 0254
0312 0296 0256
0314 0298 0258
0316 0300 0260
0318 0302 0260
0320 0304 0260
0322 0306 0262
0324 0308 0264
0326 0310 0266
0328 0312 0268
0330 0314 0270
0332 0316 0272
0334 0318 0274
0336 0320 0276
0338 0322 0278
0340 0324 0280
0342 0326 0280
0344 0328 0280
0346 0328 0282
0348 0328 0284
0350 0330 0286
0352 0332 0288
0354 0334 0290
0356 0336 0292
0358 0338 0294
0360 0340 0296
0362 0342 0298
0364 0344 0300
0366 0346 0300
0368 0348 0300
0370 0350 0302
0372 0352 0304
0374 0354 0306
0376 0356 0308
0378 0358 0310
0380 0360 0312
0382 0362 0314
0384 0364 0316
0386 0366 0316
0388 0368 0316
0390 0370 0318
0392 0372 0320
0394 0374 0322
0396 0376 0324
0398 0378 0326
0400 0380 0328
0402 0382 0330
0404 0384 0332
0406 0386 0334
0408 0388 0336
0410 0390 0336
0412 0392 0336
0414 0394 0338
0416 0396 0340
0418 0398 0342
0420 0400 0344
0422 0400 0346
0424 0400 0348
0426 0402 0350
0428 0404 0352
0430 0406 0352
0432 0408 0352
0434 0410 0354
0436 0412 0356
0438 0414 0358
0440 0416 0360
0442 0418 0362
0444 0420 0364
0446 0422 0366
0448 0424 0368
0450 0426 0370
0452 0428 0372
0454 0430 0372
0456 0432 0372
0458 0434 0374
0460 0436 0376
0462 0438 0378
0464 0440 0380
0466 0442 0382
0468 0444 0384
0470 0446 0386
0472 0448 0388
0474 0450 0388
0476 0452 0388
0478 0454 0390
0480 0456 0392
0482 0458 0394
0484 0460 0396
0486 0462 0398
0488 0464 0400
0490 0466 0402
0492 0468 0404
0494 0470 0406
0496 0472 0408
0498 0474 0408
0500 0476 0408
0502 0476 0410
0504 0476 0412
0506 0478 0414
0508 0480 0416
0510 0482 0418
0512 0484 0420
0514 0486 0422
0516 0488 0424
0518 0490 0424
0520 0492 0424
0522 0494 0426
0524 0496 0428
0526 0498 0430
0528 0500 0432
0530 0502 0434
0532 0504 0436
0534 0506 0438
0536 0508 0440
0538 0510 0442
0540 0512 0444
0542 0514 0444
0544 0516 0444
0546 0518 0446
0548 0520 0448
0550 0522 0450
0552 0524 0452
0554 0526 0454
0556 0528 0456
0558 0530 0458
0560 0532 0460
0562 0534 0460
0564 0536 0460
0566 0538 0462
0568 0540 0464
0570 0542 0466
0572 0544 0468
0574 0546 0470
0576 0548 0472
0578 0548 0474
0580 0548 0476
0582 0550 0478
0584 0552 0480
0586 0554 0480
0588 0556 0480
0590 0558 0482
0592 0560 0484
0594 0562 0486
0596 0564 0488
0598 0566 0490
0600 0568 0492
0602 0570 0494
0604 0572 0496
0606 0574 0496
0608 0576 0496
0610 0578 0498
0612 0580 0500
0614 0582 0502
0616 0584 0504
0618 0586 0506
0620 0588 0508
0622 0590 0510
0624 0592 0512
0626 0594 0514
0628 0596 0516
0630 0598 0516
0632 0600 0516
0634 0602 0518
0636 0604 0520
0638 0606 0522
0640 0608 0524
0642 0610 0526
0644 0612 0528
0646 0614 0530
0648 0616 0532
0650 0618 0532
0652 0620 0532
0654 0620 0534
0656 0620 0536
0658 0622 0538
0660 0624 0540
0662 0626 0542
0664 0628 0544
0666 0630 0546
0668 0632 0548
0670 0634 0550
0672 0636 0552
0674 0638 0552
0676 0640 0552
0678 0642 0554
0680 0644 0556
0682 0646 0558
0684 0648 0560
0686 0650 0562
0688 0652 0564
0690 0654 0566
0692 0656 0568
0694 0658 0568
0696 0660 0568
0698 0662 0570
0700 0664 0572
0702 0666 0574
0704 0668 0576
0706 0670 0578
0708 0672 0580
0710 0674 0582
0712 0676 0584
0714 0678 0586
0716 0680 0588
0718 0682 0588
0720 0684 0588
0722 0686 0590
0724 0688 0592
0726 0690 0594
0728 0692 0596
0730 0692 0598
0732 0692 0600
0734 0694 0602
0736 0696 0604
0738 0698 0604
0740 0700 0604
0742 0702 0606
0744 0704 0608
0746 0706 0610
0748 0708 0612
0750 0710 0614
0752 0712 0616
0754 0714 0618
0756 0716 0620
0758 0718 0622
0760 0720 0624
0762 0722 0624
0764 0724 0624
0766 0726 0626
0768 0728 0628
0770 0730 0630
0772 0732 0632
0774 0734 0634
0776 0736 0636
0778 0738 0638
0780 0740 0640
0782 0742 0640
0784 0744 0640
0786 0746 0642
0788 0748 0644
0790 0750 0646
0792 0752 0648
0794 0754 0650
0796 0756 0652
0798 0758 0654
0800 0760 0656
0802 0762 0658
0804 0764 0660
0806 0766 0660
0808 0768 0660
0810 0768 0662
0812 0768 0664
0814 0770 0666
0816 0772 0668
0818 0774 0670
0820 0776 0672
0822 0778 0674
0824 0780 0676
0826 0782 0676
0828 0784 0676
0830 0786 0678
0832 0788 0680
0834 0790 0682
0836 0792 0684
0838 0794 0686
0840 0796 0688
0842 0798 0690
0844 0800 0692
0846 0802 0694
0848 0804 0696
0850 0806 0696
0852 0808 0696
0854 0810 0698
0856 0812 0700
0858 0814 0702
0860 0816 0704
0862 0818 0706
0864 0820 0708
0866 0822 0710
0868 0824 0712
0870 0826 0712
0872 0828 0712
0874 0830 0714
0876 0832 0716
0878 0834 0718
0880 0836 0720
0882 0838 0722
0884 0840 0724
0886 0840 0726
0888 0840 0728
0890 0842 0730
0892 0844 0732
0894 0846 0732
0896 0848 0732
0898 0850 0734
0900 0852 0736
0902 0854 0738
0904 0856 0740
0906 0858 0742
0908 0860 0744
0910 0862 0746
0912 0864 0748
0914 0866 0748
0916 0868 0748
0918 0870 0750
0920 0872 0752
0922 0874 0754
0924 0876 0756
0926 0878 0758
0928 0880 0760
0930 0882 0762
0932 0884 0764
0934 0886 0766
0936 0888 0768
0938 0890 0768
0940 0892 0768
0942 0894 0770
0944 0896 0772
0946 0898 0774
0948 0900 0776
0950 0902 0778
0952 0904 0780
0954 0906 0782
0956 0908 0784
0958 0910 0784
0960 0912 0784
0962 0912 0786
0964 0912 0788
0966 0914 0790
0968 0916 0792
0970 0918 0794
0972 0920 0796
0974 0922 0798
0976 0924 0800
0978 0926 0802
0980 0928 0804
0982 0930 0804
0984 0932 0804
0986 0934 0806
0988 0936 0808
0990 0938 0810
0992 0940 0812
0994 0942 0814
0996 0944 0816
0998 0946 0818
1000 0948 0820
1002 0950 0820
1004 0952 0820
1006 0954 0822
1008 0956 0824
1010 0958 0826
1012 0960 0828
1014 0962 0830
1016 0964 0832
1018 0966 0834
1020 0968 0836
1020 0968 0836
