0000 0000 0000
0002 0002 0002
0004 0004 0004
0006 0006 0006
0008 0008 0008
0010 0010 0010
0012 0012 0012
0014 0014 0014
0016 0016 0016
0018 0018 0018
0020 0020 0020
0022 0022 0022
0024 0024 0024
0026 0026 0026
0028 0028 0028
0030 0030 0030
0032 0032 0032
0032 0034 0034
0032 0036 0036
0034 0038 0038
0036 0040 0040
0038 0042 0042
0040 0044 0044
0042 0046 0046
0044 0048 0048
0046 0050 0050
0048 0052 0052
0050 0054 0054
0052 0056 0056
0054 0058 0058
0056 0060 0060
0058 0062 0062
0060 0064 0064
0062 0066 0066
0064 0068 0068
0066 0068 0070
0068 0068 0072
0070 0070 0074
0072 0072 0076
0074 0074 0078
0076 0076 0080
0078 0078 0082
0080 0080 0084
0082 0082 0086
0084 0084 0088
0086 0086 0090
0088 0088 0092
0090 0090 0094
0092 0092 0096
0094 0094 0098
0096 0096 0100
0098 0098 0102
0100 0100 0104
0100 0102 0106
0100 0104 0108
0102 0106 0110
0104 0108 0112
0106 0110 0114
0108 0112 0116
0110 0114 0118
0112 0116 0120
0114 0118 0122
0116 0120 0124
0118 0122 0126
0120 0124 0128
0122 0126 0130
0124 0128 0132
0126 0130 0134
0128 0132 0136
0130 0134 0138
0132 0136 0140
0134 0138 0142
0136 0140 0144
0138 0142 0146
0140 0144 0148
0142 0146 0150
0144 0148 0152
0146 0150 0154
0148 0152 0156
0150 0154 0158
0152 0156 0160
0154 0158 0162
0156 0160 0164
0158 0162 0166
0160 0164 0168
0162 0166 0170
0164 0168 0172
0164 0170 0174
0164 0172 0176
0166 0174 0178
0168 0176 0180
0170 0178 0182
0172 0180 0184
0174 0182 0186
0176 0184 0188
0178 0186 0190
0180 0188 0192
0182 0190 0194
0184 0192 0196
0186 0194 0198
0188 0196 0200
0190 0198 0202
0192 0200 0204
0194 0202 0206
0196 0204 0208
0198 0206 0210
0200 0208 0212
0202 0208 0214
0204 0208 0216
0206 0210 0218
0208 0212 0220
0210 0214 0222
0212 0216 0224
0214 0218 0226
0216 0220 0228
0218 0222 0230
0220 0224 0232
0222 0226 0234
0224 0228 0236
0226 0230 0238
0228 0232 0240
0228 0234 0242
0228 0236 0244
0230 0238 0246
0232 0240 0248
0234 0242 0250
0236 0244 0252
0238 0246 0254
0240 0248 0256
0242 0250 0258
0244 0252 0260
0246 0254 0262
0248 0256 0264
0250 0258 0266
0252 0260 0268
0254 0262 0270
0256 0264 0272
0258 0266 0274
0260 0268 0276
0262 0270 0278
0264 0272 0280
0266 0274 0282
0268 0276 0284
0270 0278 0286
0272 0280 0288
0274 0282 0290
0276 0284 0292
0278 0286 0294
0280 0288 0296
0282 0290 0298
0284 0292 0300
0286 0294 0302
0288 0296 0304
0290 0298 0306
0292 0300 0308
0294 0302 0310
0296 0304 0312
0296 0306 0314
0296 0308 0316
0298 0310 0318
0300 0312 0320
0302 0314 0322
0304 0316 0324
0306 0318 0326
0308 0320 0328
0310 0322 0330
0312 0324 0332
0314 0326 0334
0316 0328 0336
0318 0330 0338
0320 0332 0340
0322 0334 0342
0324 0336 0344
0326 0338 0346
0328 0340 0348
0330 0342 0350
0332 0344 0352
0334 0344 0354
0336 0344 0356
0338 0346 0358
0340 0348 0360
0342 0350 0362
0344 0352 0364
0346 0354 0366
0348 0356 0368
0350 0358 0370
0352 0360 0372
0354 0362 0374
0356 0364 0376
0358 0366 0378
0360 0368 0380
0360 0370 0382
0360 0372 0384
0362 0374 0386
0364 0376 0388
0366 0378 0390
0368 0380 0392
0370 0382 0394
0372 0384 0396
0374 0386 0398
0376 0388 0400
0378 0390 0402
0380 0392 0404
0382 0394 0406
0384 0396 0408
0386 0398 0410
0388 0400 0412
0390 0402 0414
0392 0404 0416
0394 0406 0418
0396 0408 0420
0398 0410 0422
0400 0412 0424
0402 0414 0426
0404 0416 0428
0406 0418 0430
0408 0420 0432
0410 0422 0434
0412 0424 0436
0414 0426 0438
0416 0428 0440
0418 0430 0442
0420 0432 0444
0422 0434 0446
0424 0436 0448
0426 0438 0450
0428 0440 0452
0428 0442 0454
0428 0444 0456
0430 0446 0458
0432 0448 0460
0434 0450 0462
0436 0452 0464
0438 0454 0466
0440 0456 0468
0442 0458 0470
0444 0460 0472
0446 0462 0474
0448 0464 0476
0450 0466 0478
0452 0468 0480
0454 0470 0482
0456 0472 0484
0458 0474 0486
0460 0476 0488
0462 0478 0490
0464 0480 0492
0466 0482 0494
0468 0484 0496
0470 0484 0498
0472 0484 0500
0474 0486 0502
0476 0488 0504
0478 0490 0506
0480 0492 0508
0482 0494 0510
0484 0496 0512
0486 0498 0514
0488 0500 0516
0490 0502 0518
0492 0504 0520
0492 0506 0522
0492 0508 0524
0494 0510 0526
0496 0512 0528
0498 0514 0530
0500 0516 0532
0502 0518 0534
0504 0520 0536
0506 0522 0538
0508 0524 0540
0510 0526 0542
0512 0528 0544
0514 0530 0546
0516 0532 0548
0518 0534 0550
0520 0536 0552
0522 0538 0554
0524 0540 0556
0526 0542 0558
0528 0544 0560
0530 0546 0562
0532 0548 0564
0534 0550 0566
0536 0552 0568
0538 0554 0570
0540 0556 0572
0542 0558 0574
0544 0560 0576
0546 0562 0578
0548 0564 0580
0550 0566 0582
0552 0568 0584
0554 0570 0586
0556 0572 0588
0558 0574 0590
0560 0576 0592
0560 0578 0594
0560 0580 0596
0562 0582 0598
0564 0584 0600
0566 0586 0602
0568 0588 0604
0570 0590 0606
0572 0592 0608
0574 0594 0610
0576 0596 0612
0578 0598 0614
0580 0600 0616
0582 0602 0618
0584 0604 0620
0586 0606 0622
0588 0608 0624
0590 0610 0626
0592 0612 0628
0594 0614 0630
0596 0616 0632
0598 0618 0634
0600 0620 0636
0602 0620 0638
0604 0620 0640
0606 0622 0642
0608 0624 0644
0610 0626 0646
0612 0628 0648
0614 0630 0650
0616 0632 0652
0618 0634 0654
0620 0636 0656
0622 0638 0658
0624 0640 0660
0624 0642 0662
0624 0644 0664
0626 0646 0666
0628 0648 0668
0630 0650 0670
0632 0652 0672
0634 0654 0674
0636 0656 0676
0638 0658 0678
0640 0660 0680
0642 0662 0682
0644 0664 0684
0646 0666 0686
0648 0668 0688
0650 0670 0690
0652 0672 0692
0654 0674 0694
0656 0676 0696
0658 0678 0698
0660 0680 0700
0662 0682 0702
0664 0684 0704
0666 0686 0706
0668 0688 0708
0670 0690 0710
0672 0692 0712
0674 0694 0714
0676 0696 0716
0678 0698 0718
0680 0700 0720
0682 0702 0722
0684 0704 0724
0686 0706 0726
0688 0708 0728
0688 0710 0730
0688 0712 0732
0690 0714 0734
0692 0716 0736
0694 0718 0738
0696 0720 0740
0698 0722 0742
0700 0724 0744
0702 0726 0746
0704 0728 0748
0706 0730 0750
0708 0732 0752
0710 0734 0754
0712 0736 0756
0714 0738 0758
0716 0740 0760
0718 0742 0762
0720 0744 0764
0722 0746 0766
0724 0748 0768
0726 0750 0770
0728 0752 0772
0730 0754 0774
0732 0756 0776
0734 0756 0778
0736 0756 0780
0738 0758 0782
0740 0760 0784
0742 0762 0786
0744 0764 0788
0746 0766 0790
0748 0768 0792
0750 0770 0794
0752 0772 0796
0754 0774 0798
0756 0776 0800
0756 0778 0802
0756 0780 0804
0758 0782 0806
0760 0784 0808
0762 0786 0810
0764 0788 0812
0766 0790 0814
0768 0792 0816
0770 0794 0818
0772 0796 0820
0774 0798 0822
0776 0800 0824
0778 0802 0826
0780 0804 0828
0782 0806 0830
0784 0808 0832
0786 0810 0834
0788 0812 0836
0790 0814 0838
0792 0816 0840
0794 0818 0842
0796 0820 0844
0798 0822 0846
0800 0824 0848
0802 0826 0850
0804 0828 0852
0806 0830 0854
0808 0832 0856
0810 0834 0858
0812 0836 0860
0814 0838 0862
0816 0840 0864
0818 0842 0866
0820 0844 0868
0820 0846 0870
0820 0848 0872
0822 0850 0874
0824 0852 0876
0826 0854 0878
0828 0856 0880
0830 0858 0882
0832 0860 0884
0834 0862 0886
0836 0864 0888
0838 0866 0890
0840 0868 0892
0842 0870 0894
0844 0872 0896
0846 0874 0898
0848 0876 0900
0850 0878 0902
0852 0880 0904
0854 0882 0906
0856 0884 0908
0858 0886 0910
0860 0888 0912
0862 0890 0914
0864 0892 0916
0866 0894 0918
0868 0896 0920
0870 0896 0922
0872 0896 0924
0874 0898 0926
0876 0900 0928
0878 0902 0930
0880 0904 0932
0882 0906 0934
0884 0908 0936
0886 0910 0938
0888 0912 0940
0888 0914 0942
0888 0916 0944
0890 0918 0946
0892 0920 0948
0894 0922 0950
0896 0924 0952
0898 0926 0954
0900 0928 0956
0902 0930 0958
0904 0932 0960
0906 0934 0962
0908 0936 0964
0910 0938 0966
0912 0940 0968
0914 0942 0970
0916 0944 0972
0918 0946 0974
0920 0948 0976
0922 0950 0978
0924 0952 0980
0926 0954 0982
0928 0956 0984
0930 0958 0986
0932 0960 0988
0934 0962 0990
0936 0964 0992
0938 0966 0994
0940 0968 0996
0942 0970 0998
0944 0972 1000
0946 0974 1002
0948 0976 1004
0950 0978 1006
0952 0980 1008
0952 0982 1010
0952 0984 1012
0954 0986 1014
0956 0988 1016
0958 0990 1018
0960 0992 1020
0960 0992 1020
