0000 0000 0000
0002 0002 0002
0004 0004 0004
0006 0006 0006
0008 0008 0008
0010 0010 0010
0012 0012 0012
0014 0014 0014
0016 0016 0016
0018 0018 0018
0020 0020 0020
0022 0022 0022
0024 0024 0024
0024 0026 0026
0024 0028 0028
0026 0030 0030
0028 0032 0032
0030 0034 0034
0032 0036 0036
0034 0038 0038
0036 0040 0040
0038 0042 0042
0040 0044 0044
0042 0046 0046
0044 0048 0048
0046 0050 0050
0048 0052 0052
0050 0052 0054
0052 0052 0056
0054 0054 0058
0056 0056 0060
0058 0058 0062
0060 0060 0064
0062 0062 0066
0064 0064 0068
0066 0066 0070
0068 0068 0072
0070 0070 0074
0072 0072 0076
0074 0074 0078
0076 0076 0080
0076 0078 0082
0076 0080 0084
0078 0082 0086
0080 0084 0088
0082 0086 0090
0084 0088 0092
0086 0090 0094
0088 0092 0096
0090 0094 0098
0092 0096 0100
0094 0098 0102
0096 0100 0104
0098 0102 0106
0100 0104 0108
0102 0106 0110
0104 0108 0112
0106 0110 0114
0108 0112 0116
0110 0114 0118
0112 0116 0120
0114 0118 0122
0116 0120 0124
0118 0122 0126
0120 0124 0128
0122 0126 0130
0124 0128 0132
0124 0130 0134
0124 0132 0136
0126 0134 0138
0128 0136 0140
0130 0138 0142
0132 0140 0144
0134 0142 0146
0136 0144 0148
0138 0146 0150
0140 0148 0152
0142 0150 0154
0144 0152 0156
0146 0154 0158
0148 0156 0160
0150 0158 0162
0152 0160 0164
0154 0160 0166
0156 0160 0168
0158 0162 0170
0160 0164 0172
0162 0166 0174
0164 0168 0176
0166 0170 0178
0168 0172 0180
0170 0174 0182
0172 0176 0184
0174 0178 0186
0176 0180 0188
0176 0182 0190
0176 0184 0192
0178 0186 0194
0180 0188 0196
0182 0190 0198
0184 0192 0200
0186 0194 0202
0188 0196 0204
0190 0198 0206
0192 0200 0208
0194 0202 0210
0196 0204 0212
0198 0206 0214
0200 0208 0216
0202 0210 0218
0204 0212 0220
0206 0214 0222
0208 0216 0224
0210 0218 0226
0212 0220 0228
0214 0222 0230
0216 0224 0232
0218 0226 0234
0220 0228 0236
0222 0230 0238
0224 0232 0240
0224 0234 0242
0224 0236 0244
0226 0238 0246
0228 0240 0248
0230 0242 0250
0232 0244 0252
0234 0246 0254
0236 0248 0256
0238 0250 0258
0240 0252 0260
0242 0254 0262
0244 0256 0264
0246 0258 0266
0248 0260 0268
0250 0262 0270
0252 0264 0272
0254 0264 0274
0256 0264 0276
0258 0266 0278
0260 0268 0280
0262 0270 0282
0264 0272 0284
0266 0274 0286
0268 0276 0288
0270 0278 0290
0272 0280 0292
0274 0282 0294
0276 0284 0296
0276 0286 0298
0276 0288 0300
0278 0290 0302
0280 0292 0304
0282 0294 0306
0284 0296 0308
0286 0298 0310
0288 0300 0312
0290 0302 0314
0292 0304 0316
0294 0306 0318
0296 0308 0320
0298 0310 0322
0300 0312 0324
0302 0314 0326
0304 0316 0328
0306 0318 0330
0308 0320 0332
0310 0322 0334
0312 0324 0336
0314 0326 0338
0316 0328 0340
0318 0330 0342
0320 0332 0344
0322 0334 0346
0324 0336 0348
0326 0338 0350
0328 0340 0352
0328 0342 0354
0328 0344 0356
0330 0346 0358
0332 0348 0360
0334 0350 0362
0336 0352 0364
0338 0354 0366
0340 0356 0368
0342 0358 0370
0344 0360 0372
0346 0362 0374
0348 0364 0376
0350 0366 0378
0352 0368 0380
0354 0370 0382
0356 0372 0384
0358 0372 0386
0360 0372 0388
0362 0374 0390
0364 0376 0392
0366 0378 0394
0368 0380 0396
0370 0382 0398
0372 0384 0400
0374 0386 0402
0376 0388 0404
0376 0390 0406
0376 0392 0408
0378 0394 0410
0380 0396 0412
0382 0398 0414
0384 0400 0416
0386 0402 0418
0388 0404 0420
0390 0406 0422
0392 0408 0424
0394 0410 0426
0396 0412 0428
0398 0414 0430
0400 0416 0432
0402 0418 0434
0404 0420 0436
0406 0422 0438
0408 0424 0440
0410 0426 0442
0412 0428 0444
0414 0430 0446
0416 0432 0448
0418 0434 0450
0420 0436 0452
0422 0438 0454
0424 0440 0456
0426 0442 0458
0428 0444 0460
0428 0446 0462
0428 0448 0464
0430 0450 0466
0432 0452 0468
0434 0454 0470
0436 0456 0472
0438 0458 0474
0440 0460 0476
0442 0462 0478
0444 0464 0480
0446 0466 0482
0448 0468 0484
0450 0470 0486
0452 0472 0488
0454 0474 0490
0456 0476 0492
0458 0478 0494
0460 0480 0496
0462 0480 0498
0464 0480 0500
0466 0482 0502
0468 0484 0504
0470 0486 0506
0472 0488 0508
0474 0490 0510
0476 0492 0512
0476 0494 0514
0476 0496 0516
0478 0498 0518
0480 0500 0520
0482 0502 0522
0484 0504 0524
0486 0506 0526
0488 0508 0528
0490 0510 0530
0492 0512 0532
0494 0514 0534
0496 0516 0536
0498 0518 0538
0500 0520 0540
0502 0522 0542
0504 0524 0544
0506 0526 0546
0508 0528 0548
0510 0530 0550
0512 0532 0552
0514 0534 0554
0516 0536 0556
0518 0538 0558
0520 0540 0560
0522 0542 0562
0524 0544 0564
0526 0546 0566
0528 0548 0568
0528 0550 0570
0528 0552 0572
0530 0554 0574
0532 0556 0576
0534 0558 0578
0536 0560 0580
0538 0562 0582
0540 0564 0584
0542 0566 0586
0544 0568 0588
0546 0570 0590
0548 0572 0592
0550 0574 0594
0552 0576 0596
0554 0578 0598
0556 0580 0600
0558 0582 0602
0560 0584 0604
0562 0584 0606
0564 0584 0608
0566 0586 0610
0568 0588 0612
0570 0590 0614
0572 0592 0616
0574 0594 0618
0576 0596 0620
0576 0598 0622
0576 0600 0624
0578 0602 0626
0580 0604 0628
0582 0606 0630
0584 0608 0632
0586 0610 0634
0588 0612 0636
0590 0614 0638
0592 0616 0640
0594 0618 0642
0596 0620 0644
0598 0622 0646
0600 0624 0648
0602 0626 0650
0604 0628 0652
0606 0630 0654
0608 0632 0656
0610 0634 0658
0612 0636 0660
0614 0638 0662
0616 0640 0664
0618 0642 0666
0620 0644 0668
0622 0646 0670
0624 0648 0672
0626 0650 0674
0628 0652 0676
0628 0654 0678
0628 0656 0680
0630 0658 0682
0632 0660 0684
0634 0662 0686
0636 0664 0688
0638 0666 0690
0640 0668 0692
0642 0670 0694
0644 0672 0696
0646 0674 0698
0648 0676 0700
0650 0678 0702
0652 0680 0704
0654 0682 0706
0656 0684 0708
0658 0686 0710
0660 0688 0712
0662 0690 0714
0664 0692 0716
0666 0692 0718
0668 0692 0720
0670 0694 0722
0672 0696 0724
0674 0698 0726
0676 0700 0728
0676 0702 0730
0676 0704 0732
0678 0706 0734
0680 0708 0736
0682 0710 0738
0684 0712 0740
0686 0714 0742
0688 0716 0744
0690 0718 0746
0692 0720 0748
0694 0722 0750
0696 0724 0752
0698 0726 0754
0700 0728 0756
0702 0730 0758
0704 0732 0760
0706 0734 0762
0708 0736 0764
0710 0738 0766
0712 0740 0768
0714 0742 0770
0716 0744 0772
0718 0746 0774
0720 0748 0776
0722 0750 0778
0724 0752 0780
0726 0754 0782
0728 0756 0784
0728 0758 0786
0728 0760 0788
0730 0762 0790
0732 0764 0792
0734 0766 0794
0736 0768 0796
0738 0770 0798
0740 0772 0800
0742 0774 0802
0744 0776 0804
0746 0778 0806
0748 0780 0808
0750 0782 0810
0752 0784 0812
0754 0786 0814
0756 0788 0816
0758 0790 0818
0760 0792 0820
0762 0794 0822
0764 0796 0824
0766 0796 0826
0768 0796 0828
0770 0798 0830
0772 0800 0832
0774 0802 0834
0776 0804 0836
0778 0806 0838
0780 0808 0840
0780 0810 0842
0780 0812 0844
0782 0814 0846
0784 0816 0848
0786 0818 0850
0788 0820 0852
0790 0822 0854
0792 0824 0856
0794 0826 0858
0796 0828 0860
0798 0830 0862
0800 0832 0864
0802 0834 0866
0804 0836 0868
0806 0838 0870
0808 0840 0872
0810 0842 0874
0812 0844 0876
0814 0846 0878
0816 0848 0880
0818 0850 0882
0820 0852 0884
0822 0854 0886
0824 0856 0888
0826 0858 0890
0828 0860 0892
0828 0862 0894
0828 0864 0896
0830 0866 0898
0832 0868 0900
0834 0870 0902
0836 0872 0904
0838 0874 0906
0840 0876 0908
0842 0878 0910
0844 0880 0912
0846 0882 0914
0848 0884 0916
0850 0886 0918
0852 0888 0920
0854 0890 0922
0856 0892 0924
0858 0894 0926
0860 0896 0928
0862 0898 0930
0864 0900 0932
0866 0902 0934
0868 0904 0936
0870 0904 0938
0872 0904 0940
0874 0906 0942
0876 0908 0944
0878 0910 0946
0880 0912 0948
0880 0914 0950
0880 0916 0952
0882 0918 0954
0884 0920 0956
0886 0922 0958
0888 0924 0960
0890 0926 0962
0892 0928 0964
0894 0930 0966
0896 0932 0968
0898 0934 0970
0900 0936 0972
0902 0938 0974
0904 0940 0976
0906 0942 0978
0908 0944 0980
0910 0946 0982
0912 0948 0984
0914 0950 0986
0916 0952 0988
0918 0954 0990
0920 0956 0992
0922 0958 0994
0924 0960 0996
0926 0962 0998
0928 0964 1000
0928 0966 1002
0928 0968 1004
0930 0970 1006
0932 0972 1008
0934 0974 1010
0936 0976 1012
0938 0978 1014
0940 0980 1016
0942 0982 1018
0944 0984 1020
0944 0984 1020
