0000 0000 0000
0002 0002 0002
0004 0004 0004
0006 0006 0006
0008 0008 0008
0010 0010 0010
0012 0012 0012
0014 0014 0014
0016 0016 0016
0018 0018 0018
0020 0020 0020
0022 0022 0020
0024 0024 0020
0026 0026 0022
0028 0028 0024
0030 0030 0026
0032 0032 0028
0034 0034 0030
0036 0036 0032
0038 0038 0034
0040 0040 0036
0042 0042 0038
0044 0044 0040
0046 0046 0042
0048 0048 0044
0050 0050 0046
0052 0052 0048
0054 0054 0050
0056 0056 0052
0058 0058 0054
0060 0060 0056
0062 0062 0058
0064 0064 0060
0066 0066 0060
0068 0068 0060
0070 0068 0062
0072 0068 0064
0074 0070 0066
0076 0072 0068
0078 0074 0070
0080 0076 0072
0082 0078 0074
0084 0080 0076
0086 0082 0078
0088 0084 0080
0090 0086 0082
0092 0088 0084
0094 0090 0086
0096 0092 0088
0098 0094 0090
0100 0096 0092
0102 0098 0094
0104 0100 0096
0106 0102 0098
0108 0104 0100
0110 0106 0102
0112 0108 0104
0114 0110 0104
0116 0112 0104
0118 0114 0106
0120 0116 0108
0122 0118 0110
0124 0120 0112
0126 0122 0114
0128 0124 0116
0130 0126 0118
0132 0128 0120
0134 0130 0122
0136 0132 0124
0138 0134 0126
0140 0136 0128
0142 0138 0130
0144 0140 0132
0146 0142 0134
0148 0144 0136
0150 0146 0138
0152 0148 0140
0154 0150 0142
0156 0152 0144
0158 0154 0144
0160 0156 0144
0162 0158 0146
0164 0160 0148
0166 0162 0150
0168 0164 0152
0170 0166 0154
0172 0168 0156
0174 0170 0158
0176 0172 0160
0178 0174 0162
0180 0176 0164
0182 0178 0166
0184 0180 0168
0186 0182 0170
0188 0184 0172
0190 0186 0174
0192 0188 0176
0194 0190 0178
0196 0192 0180
0198 0194 0182
0200 0196 0184
0202 0198 0184
0204 0200 0184
0206 0200 0186
0208 0200 0188
0210 0202 0190
0212 0204 0192
0214 0206 0194
0216 0208 0196
0218 0210 0198
0220 0212 0200
0222 0214 0202
0224 0216 0204
0226 0218 0206
0228 0220 0208
0230 0222 0210
0232 0224 0212
0234 0226 0214
0236 0228 0216
0238 0230 0218
0240 0232 0220
0242 0234 0222
0244 0236 0224
0246 0238 0226
0248 0240 0228
0250 0242 0228
0252 0244 0228
0254 0246 0230
0256 0248 0232
0258 0250 0234
0260 0252 0236
0262 0254 0238
0264 0256 0240
0266 0258 0242
0268 0260 0244
0270 0262 0246
0272 0264 0248
0274 0266 0250
0276 0268 0252
0278 0270 0254
0280 0272 0256
0282 0274 0258
0284 0276 0260
0286 0278 0262
0288 0280 0264
0290 0282 0266
0292 0284 0268
0294 0286 0268
0296 0288 0268
0298 0290 0270
0300 0292 0272
0302 0294 0274
0304 0296 0276
0306 0298 0278
0308 0300 0280
0310 0302 0282
0312 0304 0284
0314 0306 0286
0316 0308 0288
0318 0310 0290
0320 0312 0292
0322 0314 0294
0324 0316 0296
0326 0318 0298
0328 0320 0300
0330 0322 0302
0332 0324 0304
0334 0326 0306
0336 0328 0308
0338 0330 0308
0340 0332 0308
0342 0334 0310
0344 0336 0312
0346 0336 0314
0348 0336 0316
0350 0338 0318
0352 0340 0320
0354 0342 0322
0356 0344 0324
0358 0346 0326
0360 0348 0328
0362 0350 0330
0364 0352 0332
0366 0354 0334
0368 0356 0336
0370 0358 0338
0372 0360 0340
0374 0362 0342
0376 0364 0344
0378 0366 0346
0380 0368 0348
0382 0370 0348
0384 0372 0348
0386 0374 0350
0388 0376 0352
0390 0378 0354
0392 0380 0356
0394 0382 0358
0396 0384 0360
0398 0386 0362
0400 0388 0364
0402 0390 0366
0404 0392 0368
0406 0394 0370
0408 0396 0372
0410 0398 0374
0412 0400 0376
0414 0402 0378
0416 0404 0380
0418 0406 0382
0420 0408 0384
0422 0410 0386
0424 0412 0388
0426 0414 0390
0428 0416 0392
0430 0418 0392
0432 0420 0392
0434 0422 0394
0436 0424 0396
0438 0426 0398
0440 0428 0400
0442 0430 0402
0444 0432 0404
0446 0434 0406
0448 0436 0408
0450 0438 0410
0452 0440 0412
0454 0442 0414
0456 0444 0416
0458 0446 0418
0460 0448 0420
0462 0450 0422
0464 0452 0424
0466 0454 0426
0468 0456 0428
0470 0458 0430
0472 0460 0432
0474 0462 0432
0476 0464 0432
0478 0466 0434
0480 0468 0436
0482 0470 0438
0484 0472 0440
0486 0472 0442
0488 0472 0444
0490 0474 0446
0492 0476 0448
0494 0478 0450
0496 0480 0452
0498 0482 0454
0500 0484 0456
0502 0486 0458
0504 0488 0460
0506 0490 0462
0508 0492 0464
0510 0494 0466
0512 0496 0468
0514 0498 0470
0516 0500 0472
0518 0502 0472
0520 0504 0472
0522 0506 0474
0524 0508 0476
0526 0510 0478
0528 0512 0480
0530 0514 0482
0532 0516 0484
0534 0518 0486
0536 0520 0488
0538 0522 0490
0540 0524 0492
0542 0526 0494
0544 0528 0496
0546 0530 0498
0548 0532 0500
0550 0534 0502
0552 0536 0504
0554 0538 0506
0556 0540 0508
0558 0542 0510
0560 0544 0512
0562 0546 0512
0564 0548 0512
0566 0550 0514
0568 0552 0516
0570 0554 0518
0572 0556 0520
0574 0558 0522
0576 0560 0524
0578 0562 0526
0580 0564 0528
0582 0566 0530
0584 0568 0532
0586 0570 0534
0588 0572 0536
0590 0574 0538
0592 0576 0540
0594 0578 0542
0596 0580 0544
0598 0582 0546
0600 0584 0548
0602 0586 0550
0604 0588 0552
0606 0590 0554
0608 0592 0556
0610 0594 0556
0612 0596 0556
0614 0598 0558
0616 0600 0560
0618 0602 0562
0620 0604 0564
0622 0604 0566
0624 0604 0568
0626 0606 0570
0628 0608 0572
0630 0610 0574
0632 0612 0576
0634 0614 0578
0636 0616 0580
0638 0618 0582
0640 0620 0584
0642 0622 0586
0644 0624 0588
0646 0626 0590
0648 0628 0592
0650 0630 0594
0652 0632 0596
0654 0634 0596
0656 0636 0596
0658 0638 0598
0660 0640 0600
0662 0642 0602
0664 0644 0604
0666 0646 0606
0668 0648 0608
0670 0650 0610
0672 0652 0612
0674 0654 0614
0676 0656 0616
0678 0658 0618
0680 0660 0620
0682 0662 0622
0684 0664 0624
0686 0666 0626
0688 0668 0628
0690 0670 0630
0692 0672 0632
0694 0674 0634
0696 0676 0636
0698 0678 0636
0700 0680 0636
0702 0682 0638
0704 0684 0640
0706 0686 0642
0708 0688 0644
0710 0690 0646
0712 0692 0648
0714 0694 0650
0716 0696 0652
0718 0698 0654
0720 0700 0656
0722 0702 0658
0724 0704 0660
0726 0706 0662
0728 0708 0664
0730 0710 0666
0732 0712 0668
0734 0714 0670
0736 0716 0672
0738 0718 0674
0740 0720 0676
0742 0722 0678
0744 0724 0680
0746 0726 0680
0748 0728 0680
0750 0730 0682
0752 0732 0684
0754 0734 0686
0756 0736 0688
0758 0738 0690
0760 0740 0692
0762 0740 0694
0764 0740 0696
0766 0742 0698
0768 0744 0700
0770 0746 0702
0772 0748 0704
0774 0750 0706
0776 0752 0708
0778 0754 0710
0780 0756 0712
0782 0758 0714
0784 0760 0716
0786 0762 0718
0788 0764 0720
0790 0766 0720
0792 0768 0720
0794 0770 0722
0796 0772 0724
0798 0774 0726
0800 0776 0728
0802 0778 0730
0804 0780 0732
0806 0782 0734
0808 0784 0736
0810 0786 0738
0812 0788 0740
0814 0790 0742
0816 0792 0744
0818 0794 0746
0820 0796 0748
0822 0798 0750
0824 0800 0752
0826 0802 0754
0828 0804 0756
0830 0806 0758
0832 0808 0760
0834 0810 0760
0836 0812 0760
0838 0814 0762
0840 0816 0764
0842 0818 0766
0844 0820 0768
0846 0822 0770
0848 0824 0772
0850 0826 0774
0852 0828 0776
0854 0830 0778
0856 0832 0780
0858 0834 0782
0860 0836 0784
0862 0838 0786
0864 0840 0788
0866 0842 0790
0868 0844 0792
0870 0846 0794
0872 0848 0796
0874 0850 0798
0876 0852 0800
0878 0854 0800
0880 0856 0800
0882 0858 0802
0884 0860 0804
0886 0862 0806
0888 0864 0808
0890 0866 0810
0892 0868 0812
0894 0870 0814
0896 0872 0816
0898 0874 0818
0900 0876 0820
0902 0876 0822
0904 0876 0824
0906 0878 0826
0908 0880 0828
0910 0882 0830
0912 0884 0832
0914 0886 0834
0916 0888 0836
0918 0890 0838
0920 0892 0840
0922 0894 0842
0924 0896 0844
0926 0898 0844
0928 0900 0844
0930 0902 0846
0932 0904 0848
0934 0906 0850
0936 0908 0852
0938 0910 0854
0940 0912 0856
0942 0914 0858
0944 0916 0860
0946 0918 0862
0948 0920 0864
0950 0922 0866
0952 0924 0868
0954 0926 0870
0956 0928 0872
0958 0930 0874
0960 0932 0876
0962 0934 0878
0964 0936 0880
0966 0938 0882
0968 0940 0884
0970 0942 0884
0972 0944 0884
0974 0946 0886
0976 0948 0888
0978 0950 0890
0980 0952 0892
0982 0954 0894
0984 0956 0896
0986 0958 0898
0988 0960 0900
0990 0962 0902
0992 0964 0904
0994 0966 0906
0996 0968 0908
0998 0970 0910
1000 0972 0912
1002 0974 0914
1004 0976 0916
1006 0978 0918
1008 0980 0920
1010 0982 0922
1012 0984 0924
1014 0986 0924
1016 0988 0924
1018 0990 0926
1020 0992 0928
1020 0992 0928
