0000 0000 0000
0002 0002 0002
0004 0004 0004
0006 0006 0006
0008 0008 0008
0010 0010 0010
0012 0012 0012
0014 0014 0014
0016 0016 0016
0018 0018 0018
0020 0020 0020
0022 0022 0020
0024 0024 0020
0026 0026 0022
0028 0028 0024
0030 0030 0026
0032 0032 0028
0034 0034 0030
0036 0036 0032
0038 0038 0034
0040 0040 0036
0042 0042 0038
0044 0044 0040
0046 0046 0042
0048 0048 0044
0050 0050 0046
0052 0052 0048
0054 0054 0050
0056 0056 0052
0058 0058 0054
0060 0060 0056
0062 0060 0056
0064 0060 0056
0066 0062 0058
0068 0064 0060
0070 0066 0062
0072 0068 0064
0074 0070 0066
0076 0072 0068
0078 0074 0070
0080 0076 0072
0082 0078 0074
0084 0080 0076
0086 0082 0078
0088 0084 0080
0090 0086 0082
0092 0088 0084
0094 0090 0086
0096 0092 0088
0098 0094 0090
0100 0096 0092
0102 0098 0092
0104 0100 0092
0106 0102 0094
0108 0104 0096
0110 0106 0098
0112 0108 0100
0114 0110 0102
0116 0112 0104
0118 0114 0106
0120 0116 0108
0122 0118 0110
0124 0120 0112
0126 0122 0114
0128 0124 0116
0130 0126 0118
0132 0128 0120
0134 0130 0122
0136 0132 0124
0138 0134 0126
0140 0136 0128
0142 0138 0128
0144 0140 0128
0146 0142 0130
0148 0144 0132
0150 0146 0134
0152 0148 0136
0154 0150 0138
0156 0152 0140
0158 0154 0142
0160 0156 0144
0162 0158 0146
0164 0160 0148
0166 0162 0150
0168 0164 0152
0170 0166 0154
0172 0168 0156
0174 0170 0158
0176 0172 0160
0178 0174 0162
0180 0176 0164
0182 0178 0164
0184 0180 0164
0186 0180 0166
0188 0180 0168
0190 0182 0170
0192 0184 0172
0194 0186 0174
0196 0188 0176
0198 0190 0178
0200 0192 0180
0202 0194 0182
0204 0196 0184
0206 0198 0186
0208 0200 0188
0210 0202 0190
0212 0204 0192
0214 0206 0194
0216 0208 0196
0218 0210 0198
0220 0212 0200
0222 0214 0200
0224 0216 0200
0226 0218 0202
0228 0220 0204
0230 0222 0206
0232 0224 0208
0234 0226 0210
0236 0228 0212
0238 0230 0214
0240 0232 0216
0242 0234 0218
0244 0236 0220
0246 0238 0222
0248 0240 0224
0250 0242 0226
0252 0244 0228
0254 0246 0230
0256 0248 0232
0258 0250 0234
0260 0252 0236
0262 0254 0236
0264 0256 0236
0266 0258 0238
0268 0260 0240
0270 0262 0242
0272 0264 0244
0274 0266 0246
0276 0268 0248
0278 0270 0250
0280 0272 0252
0282 0274 0254
0284 0276 0256
0286 0278 0258
0288 0280 0260
0290 0282 0262
0292 0284 0264
0294 0286 0266
0296 0288 0268
0298 0290 0270
0300 0292 0272
0302 0294 0274
0304 0296 0276
0306 0298 0276
0308 0300 0276
0310 0300 0278
0312 0300 0280
0314 0302 0282
0316 0304 0284
0318 0306 0286
0320 0308 0288
0322 0310 0290
0324 0312 0292
0326 0314 0294
0328 0316 0296
0330 0318 0298
0332 0320 0300
0334 0322 0302
0336 0324 0304
0338 0326 0306
0340 0328 0308
0342 0330 0310
0344 0332 0312
0346 0334 0312
0348 0336 0312
0350 0338 0314
0352 0340 0316
0354 0342 0318
0356 0344 0320
0358 0346 0322
0360 0348 0324
0362 0350 0326
0364 0352 0328
0366 0354 0330
0368 0356 0332
0370 0358 0334
0372 0360 0336
0374 0362 0338
0376 0364 0340
0378 0366 0342
0380 0368 0344
0382 0370 0346
0384 0372 0348
0386 0374 0348
0388 0376 0348
0390 0378 0350
0392 0380 0352
0394 0382 0354
0396 0384 0356
0398 0386 0358
0400 0388 0360
0402 0390 0362
0404 0392 0364
0406 0394 0366
0408 0396 0368
0410 0398 0370
0412 0400 0372
0414 0402 0374
0416 0404 0376
0418 0406 0378
0420 0408 0380
0422 0410 0382
0424 0412 0384
0426 0414 0384
0428 0416 0384
0430 0418 0386
0432 0420 0388
0434 0422 0390
0436 0424 0392
0438 0424 0394
0440 0424 0396
0442 0426 0398
0444 0428 0400
0446 0430 0402
0448 0432 0404
0450 0434 0406
0452 0436 0408
0454 0438 0410
0456 0440 0412
0458 0442 0414
0460 0444 0416
0462 0446 0418
0464 0448 0420
0466 0450 0420
0468 0452 0420
0470 0454 0422
0472 0456 0424
0474 0458 0426
0476 0460 0428
0478 0462 0430
0480 0464 0432
0482 0466 0434
0484 0468 0436
0486 0470 0438
0488 0472 0440
0490 0474 0442
0492 0476 0444
0494 0478 0446
0496 0480 0448
0498 0482 0450
0500 0484 0452
0502 0486 0454
0504 0488 0456
0506 0490 0456
0508 0492 0456
0510 0494 0458
0512 0496 0460
0514 0498 0462
0516 0500 0464
0518 0502 0466
0520 0504 0468
0522 0506 0470
0524 0508 0472
0526 0510 0474
0528 0512 0476
0530 0514 0478
0532 0516 0480
0534 0518 0482
0536 0520 0484
0538 0522 0486
0540 0524 0488
0542 0526 0490
0544 0528 0492
0546 0530 0492
0548 0532 0492
0550 0534 0494
0552 0536 0496
0554 0538 0498
0556 0540 0500
0558 0542 0502
0560 0544 0504
0562 0544 0506
0564 0544 0508
0566 0546 0510
0568 0548 0512
0570 0550 0514
0572 0552 0516
0574 0554 0518
0576 0556 0520
0578 0558 0522
0580 0560 0524
0582 0562 0526
0584 0564 0528
0586 0566 0530
0588 0568 0532
0590 0570 0532
0592 0572 0532
0594 0574 0534
0596 0576 0536
0598 0578 0538
0600 0580 0540
0602 0582 0542
0604 0584 0544
0606 0586 0546
0608 0588 0548
0610 0590 0550
0612 0592 0552
0614 0594 0554
0616 0596 0556
0618 0598 0558
0620 0600 0560
0622 0602 0562
0624 0604 0564
0626 0606 0566
0628 0608 0568
0630 0610 0568
0632 0612 0568
0634 0614 0570
0636 0616 0572
0638 0618 0574
0640 0620 0576
0642 0622 0578
0644 0624 0580
0646 0626 0582
0648 0628 0584
0650 0630 0586
0652 0632 0588
0654 0634 0590
0656 0636 0592
0658 0638 0594
0660 0640 0596
0662 0642 0598
0664 0644 0600
0666 0646 0602
0668 0648 0604
0670 0650 0604
0672 0652 0604
0674 0654 0606
0676 0656 0608
0678 0658 0610
0680 0660 0612
0682 0662 0614
0684 0664 0616
0686 0664 0618
0688 0664 0620
0690 0666 0622
0692 0668 0624
0694 0670 0626
0696 0672 0628
0698 0674 0630
0700 0676 0632
0702 0678 0634
0704 0680 0636
0706 0682 0638
0708 0684 0640
0710 0686 0640
0712 0688 0640
0714 0690 0642
0716 0692 0644
0718 0694 0646
0720 0696 0648
0722 0698 0650
0724 0700 0652
0726 0702 0654
0728 0704 0656
0730 0706 0658
0732 0708 0660
0734 0710 0662
0736 0712 0664
0738 0714 0666
0740 0716 0668
0742 0718 0670
0744 0720 0672
0746 0722 0674
0748 0724 0676
0750 0726 0676
0752 0728 0676
0754 0730 0678
0756 0732 0680
0758 0734 0682
0760 0736 0684
0762 0738 0686
0764 0740 0688
0766 0742 0690
0768 0744 0692
0770 0746 0694
0772 0748 0696
0774 0750 0698
0776 0752 0700
0778 0754 0702
0780 0756 0704
0782 0758 0706
0784 0760 0708
0786 0762 0710
0788 0764 0712
0790 0766 0712
0792 0768 0712
0794 0770 0714
0796 0772 0716
0798 0774 0718
0800 0776 0720
0802 0778 0722
0804 0780 0724
0806 0782 0726
0808 0784 0728
0810 0784 0730
0812 0784 0732
0814 0786 0734
0816 0788 0736
0818 0790 0738
0820 0792 0740
0822 0794 0742
0824 0796 0744
0826 0798 0746
0828 0800 0748
0830 0802 0750
0832 0804 0752
0834 0806 0752
0836 0808 0752
0838 0810 0754
0840 0812 0756
0842 0814 0758
0844 0816 0760
0846 0818 0762
0848 0820 0764
0850 0822 0766
0852 0824 0768
0854 0826 0770
0856 0828 0772
0858 0830 0774
0860 0832 0776
0862 0834 0778
0864 0836 0780
0866 0838 0782
0868 0840 0784
0870 0842 0786
0872 0844 0788
0874 0846 0788
0876 0848 0788
0878 0850 0790
0880 0852 0792
0882 0854 0794
0884 0856 0796
0886 0858 0798
0888 0860 0800
0890 0862 0802
0892 0864 0804
0894 0866 0806
0896 0868 0808
0898 0870 0810
0900 0872 0812
0902 0874 0814
0904 0876 0816
0906 0878 0818
0908 0880 0820
0910 0882 0822
0912 0884 0824
0914 0886 0824
0916 0888 0824
0918 0890 0826
0920 0892 0828
0922 0894 0830
0924 0896 0832
0926 0898 0834
0928 0900 0836
0930 0902 0838
0932 0904 0840
0934 0904 0842
0936 0904 0844
0938 0906 0846
0940 0908 0848
0942 0910 0850
0944 0912 0852
0946 0914 0854
0948 0916 0856
0950 0918 0858
0952 0920 0860
0954 0922 0860
0956 0924 0860
0958 0926 0862
0960 0928 0864
0962 0930 0866
0964 0932 0868
0966 0934 0870
0968 0936 0872
0970 0938 0874
0972 0940 0876
0974 0942 0878
0976 0944 0880
0978 0946 0882
0980 0948 0884
0982 0950 0886
0984 0952 0888
0986 0954 0890
0988 0956 0892
0990 0958 0894
0992 0960 0896
0994 0962 0896
0996 0964 0896
0998 0966 0898
1000 0968 0900
1002 0970 0902
1004 0972 0904
1006 0974 0906
1008 0976 0908
1010 0978 0910
1012 0980 0912
1014 0982 0914
1016 0984 0916
1018 0986 0918
1020 0988 0920
1020 0988 0920
