0000 0000 0000
0002 0002 0002
0004 0004 0004
0006 0006 0006
0008 0008 0008
0010 0010 0010
0012 0012 0012
0014 0014 0014
0016 0016 0016
0018 0018 0018
0020 0020 0020
0022 0022 0022
0024 0024 0024
0026 0026 0026
0028 0028 0028
0030 0030 0030
0032 0032 0032
0034 0034 0034
0036 0036 0036
0038 0038 0038
0040 0040 0040
0040 0042 0042
0040 0044 0044
0042 0046 0046
0044 0048 0048
0046 0050 0050
0048 0052 0052
0050 0054 0054
0052 0056 0056
0054 0058 0058
0056 0060 0060
0058 0062 0062
0060 0064 0064
0062 0066 0066
0064 0068 0068
0066 0070 0070
0068 0072 0072
0070 0074 0074
0072 0076 0076
0074 0078 0078
0076 0080 0080
0078 0080 0082
0080 0080 0084
0082 0082 0086
0084 0084 0088
0086 0086 0090
0088 0088 0092
0090 0090 0094
0092 0092 0096
0094 0094 0098
0096 0096 0100
0098 0098 0102
0100 0100 0104
0102 0102 0106
0104 0104 0108
0106 0106 0110
0108 0108 0112
0110 0110 0114
0112 0112 0116
0114 0114 0118
0116 0116 0120
0116 0118 0122
0116 0120 0124
0118 0122 0126
0120 0124 0128
0122 0126 0130
0124 0128 0132
0126 0130 0134
0128 0132 0136
0130 0134 0138
0132 0136 0140
0134 0138 0142
0136 0140 0144
0138 0142 0146
0140 0144 0148
0142 0146 0150
0144 0148 0152
0146 0150 0154
0148 0152 0156
0150 0154 0158
0152 0156 0160
0154 0158 0162
0156 0160 0164
0158 0162 0166
0160 0164 0168
0162 0166 0170
0164 0168 0172
0166 0170 0174
0168 0172 0176
0170 0174 0178
0172 0176 0180
0174 0178 0182
0176 0180 0184
0178 0182 0186
0180 0184 0188
0182 0186 0190
0184 0188 0192
0186 0190 0194
0188 0192 0196
0190 0194 0198
0192 0196 0200
0192 0198 0202
0192 0200 0204
0194 0202 0206
0196 0204 0208
0198 0206 0210
0200 0208 0212
0202 0210 0214
0204 0212 0216
0206 0214 0218
0208 0216 0220
0210 0218 0222
0212 0220 0224
0214 0222 0226
0216 0224 0228
0218 0226 0230
0220 0228 0232
0222 0230 0234
0224 0232 0236
0226 0234 0238
0228 0236 0240
0230 0238 0242
0232 0240 0244
0234 0242 0246
0236 0244 0248
0238 0244 0250
0240 0244 0252
0242 0246 0254
0244 0248 0256
0246 0250 0258
0248 0252 0260
0250 0254 0262
0252 0256 0264
0254 0258 0266
0256 0260 0268
0258 0262 0270
0260 0264 0272
0262 0266 0274
0264 0268 0276
0266 0270 0278
0268 0272 0280
0270 0274 0282
0272 0276 0284
0272 0278 0286
0272 0280 0288
0274 0282 0290
0276 0284 0292
0278 0286 0294
0280 0288 0296
0282 0290 0298
0284 0292 0300
0286 0294 0302
0288 0296 0304
0290 0298 0306
0292 0300 0308
0294 0302 0310
0296 0304 0312
0298 0306 0314
0300 0308 0316
0302 0310 0318
0304 0312 0320
0306 0314 0322
0308 0316 0324
0310 0318 0326
0312 0320 0328
0314 0322 0330
0316 0324 0332
0318 0326 0334
0320 0328 0336
0322 0330 0338
0324 0332 0340
0326 0334 0342
0328 0336 0344
0330 0338 0346
0332 0340 0348
0334 0342 0350
0336 0344 0352
0338 0346 0354
0340 0348 0356
0342 0350 0358
0344 0352 0360
0346 0354 0362
0348 0356 0364
0348 0358 0366
0348 0360 0368
0350 0362 0370
0352 0364 0372
0354 0366 0374
0356 0368 0376
0358 0370 0378
0360 0372 0380
0362 0374 0382
0364 0376 0384
0366 0378 0386
0368 0380 0388
0370 0382 0390
0372 0384 0392
0374 0386 0394
0376 0388 0396
0378 0390 0398
0380 0392 0400
0382 0394 0402
0384 0396 0404
0386 0398 0406
0388 0400 0408
0390 0402 0410
0392 0404 0412
0394 0404 0414
0396 0404 0416
0398 0406 0418
0400 0408 0420
0402 0410 0422
0404 0412 0424
0406 0414 0426
0408 0416 0428
0410 0418 0430
0412 0420 0432
0414 0422 0434
0416 0424 0436
0418 0426 0438
0420 0428 0440
0422 0430 0442
0424 0432 0444
0424 0434 0446
0424 0436 0448
0426 0438 0450
0428 0440 0452
0430 0442 0454
0432 0444 0456
0434 0446 0458
0436 0448 0460
0438 0450 0462
0440 0452 0464
0442 0454 0466
0444 0456 0468
0446 0458 0470
0448 0460 0472
0450 0462 0474
0452 0464 0476
0454 0466 0478
0456 0468 0480
0458 0470 0482
0460 0472 0484
0462 0474 0486
0464 0476 0488
0466 0478 0490
0468 0480 0492
0470 0482 0494
0472 0484 0496
0474 0486 0498
0476 0488 0500
0478 0490 0502
0480 0492 0504
0482 0494 0506
0484 0496 0508
0486 0498 0510
0488 0500 0512
0490 0502 0514
0492 0504 0516
0494 0506 0518
0496 0508 0520
0498 0510 0522
0500 0512 0524
0502 0514 0526
0504 0516 0528
0504 0518 0530
0504 0520 0532
0506 0522 0534
0508 0524 0536
0510 0526 0538
0512 0528 0540
0514 0530 0542
0516 0532 0544
0518 0534 0546
0520 0536 0548
0522 0538 0550
0524 0540 0552
0526 0542 0554
0528 0544 0556
0530 0546 0558
0532 0548 0560
0534 0550 0562
0536 0552 0564
0538 0554 0566
0540 0556 0568
0542 0558 0570
0544 0560 0572
0546 0562 0574
0548 0564 0576
0550 0564 0578
0552 0564 0580
0554 0566 0582
0556 0568 0584
0558 0570 0586
0560 0572 0588
0562 0574 0590
0564 0576 0592
0566 0578 0594
0568 0580 0596
0570 0582 0598
0572 0584 0600
0574 0586 0602
0576 0588 0604
0578 0590 0606
0580 0592 0608
0580 0594 0610
0580 0596 0612
0582 0598 0614
0584 0600 0616
0586 0602 0618
0588 0604 0620
0590 0606 0622
0592 0608 0624
0594 0610 0626
0596 0612 0628
0598 0614 0630
0600 0616 0632
0602 0618 0634
0604 0620 0636
0606 0622 0638
0608 0624 0640
0610 0626 0642
0612 0628 0644
0614 0630 0646
0616 0632 0648
0618 0634 0650
0620 0636 0652
0622 0638 0654
0624 0640 0656
0626 0642 0658
0628 0644 0660
0630 0646 0662
0632 0648 0664
0634 0650 0666
0636 0652 0668
0638 0654 0670
0640 0656 0672
0642 0658 0674
0644 0660 0676
0646 0662 0678
0648 0664 0680
0650 0666 0682
0652 0668 0684
0654 0670 0686
0656 0672 0688
0656 0674 0690
0656 0676 0692
0658 0678 0694
0660 0680 0696
0662 0682 0698
0664 0684 0700
0666 0686 0702
0668 0688 0704
0670 0690 0706
0672 0692 0708
0674 0694 0710
0676 0696 0712
0678 0698 0714
0680 0700 0716
0682 0702 0718
0684 0704 0720
0686 0706 0722
0688 0708 0724
0690 0710 0726
0692 0712 0728
0694 0714 0730
0696 0716 0732
0698 0718 0734
0700 0720 0736
0702 0722 0738
0704 0724 0740
0706 0726 0742
0708 0728 0744
0710 0728 0746
0712 0728 0748
0714 0730 0750
0716 0732 0752
0718 0734 0754
0720 0736 0756
0722 0738 0758
0724 0740 0760
0726 0742 0762
0728 0744 0764
0730 0746 0766
0732 0748 0768
0734 0750 0770
0736 0752 0772
0736 0754 0774
0736 0756 0776
0738 0758 0778
0740 0760 0780
0742 0762 0782
0744 0764 0784
0746 0766 0786
0748 0768 0788
0750 0770 0790
0752 0772 0792
0754 0774 0794
0756 0776 0796
0758 0778 0798
0760 0780 0800
0762 0782 0802
0764 0784 0804
0766 0786 0806
0768 0788 0808
0770 0790 0810
0772 0792 0812
0774 0794 0814
0776 0796 0816
0778 0798 0818
0780 0800 0820
0782 0802 0822
0784 0804 0824
0786 0806 0826
0788 0808 0828
0790 0810 0830
0792 0812 0832
0794 0814 0834
0796 0816 0836
0798 0818 0838
0800 0820 0840
0802 0822 0842
0804 0824 0844
0806 0826 0846
0808 0828 0848
0810 0830 0850
0812 0832 0852
0812 0834 0854
0812 0836 0856
0814 0838 0858
0816 0840 0860
0818 0842 0862
0820 0844 0864
0822 0846 0866
0824 0848 0868
0826 0850 0870
0828 0852 0872
0830 0854 0874
0832 0856 0876
0834 0858 0878
0836 0860 0880
0838 0862 0882
0840 0864 0884
0842 0866 0886
0844 0868 0888
0846 0870 0890
0848 0872 0892
0850 0874 0894
0852 0876 0896
0854 0878 0898
0856 0880 0900
0858 0882 0902
0860 0884 0904
0862 0886 0906
0864 0888 0908
0866 0888 0910
0868 0888 0912
0870 0890 0914
0872 0892 0916
0874 0894 0918
0876 0896 0920
0878 0898 0922
0880 0900 0924
0882 0902 0926
0884 0904 0928
0886 0906 0930
0888 0908 0932
0888 0910 0934
0888 0912 0936
0890 0914 0938
0892 0916 0940
0894 0918 0942
0896 0920 0944
0898 0922 0946
0900 0924 0948
0902 0926 0950
0904 0928 0952
0906 0930 0954
0908 0932 0956
0910 0934 0958
0912 0936 0960
0914 0938 0962
0916 0940 0964
0918 0942 0966
0920 0944 0968
0922 0946 0970
0924 0948 0972
0926 0950 0974
0928 0952 0976
0930 0954 0978
0932 0956 0980
0934 0958 0982
0936 0960 0984
0938 0962 0986
0940 0964 0988
0942 0966 0990
0944 0968 0992
0946 0970 0994
0948 0972 0996
0950 0974 0998
0952 0976 1000
0954 0978 1002
0956 0980 1004
0958 0982 1006
0960 0984 1008
0962 0986 1010
0964 0988 1012
0966 0990 1014
0968 0992 1016
0968 0994 1018
0968 0996 1020
0968 0996 1020
